1	0.018050	0.000423
101	3.440528	0.000224
201	4.436113	0.000346
301	1.020093	0.002251
401	3.405753	0.000898
501	12.664035	0.000302
601	24.631185	0.000186
701	3.200844	0.001671
801	6.038877	0.001012
901	20.708808	0.000332
1001	9.063209	0.000843
1101	43.010315	0.000195
1201	6.254465	0.001465
1301	10.767230	0.000922
1401	36.323618	0.000294
1501	13.271351	0.000863
1601	31.381228	0.000389
1701	5.768796	0.002250
1801	41.001890	0.000335
1901	48.607120	0.000298
2001	47.275305	0.000323
2101	48.981160	0.000327
2201	34.604208	0.000485
2301	7.279486	0.002412
2401	62.976343	0.000291
2501	10.028312	0.001903
2601	11.163321	0.001778
2701	25.719040	0.000801
2801	56.649143	0.000377
2901	56.297604	0.000393
3001	25.269137	0.000906
3101	45.773403	0.000517
3201	24.395866	0.001001
3301	14.580379	0.001727
3401	48.661026	0.000533
3501	44.852607	0.000596
3601	61.248121	0.000449
3701	85.072820	0.000332
3801	64.305450	0.000451
3901	24.126014	0.001234
4001	40.888744	0.000747
4101	48.351460	0.000647
4201	38.822652	0.000826
4301	30.542429	0.001074
4401	40.772950	0.000824
4501	41.019123	0.000837
4601	24.890619	0.001410
4701	59.570993	0.000602
4801	106.231991	0.000345
4901	36.157380	0.001034
5001	33.082298	0.001153
5101	40.916384	0.000951
5201	106.035477	0.000374
5301	53.973042	0.000749
5401	70.804789	0.000582
5501	32.453179	0.001293
5601	30.944532	0.001381
5701	35.660824	0.001220
5801	80.655525	0.000549
5901	94.955503	0.000474
6001	39.707102	0.001153
6101	43.871724	0.001061
6201	112.566322	0.000420
6301	193.479412	0.000248
6401	147.992899	0.000330
6501	86.582412	0.000573
6601	18.473406	0.002726
6701	102.156177	0.000500
6801	27.514091	0.001886
6901	65.469326	0.000804
7001	39.886536	0.001339
7101	73.938523	0.000733
7201	89.057660	0.000617
7301	142.494004	0.000391
7401	108.872731	0.000519
7501	24.352637	0.002350
7601	100.830371	0.000575
7701	111.997046	0.000525
7801	138.201130	0.000431
7901	200.913827	0.000300
8001	25.093008	0.002433
8101	141.334929	0.000437
8201	122.830424	0.000509
8301	27.920834	0.002268
8401	102.367024	0.000626
8501	81.800393	0.000793
8601	49.907471	0.001315
8701	72.296930	0.000918
8801	39.460784	0.001702
8901	55.184981	0.001231
9001	93.771863	0.000732
9101	128.597657	0.000540
9201	208.587319	0.000337
9301	28.594039	0.002482
9401	92.874521	0.000772
9501	69.402341	0.001044
9601	51.881567	0.001412
9701	116.549463	0.000635
9801	174.680112	0.000428
9901	95.229308	0.000793
10001	61.825949	0.001234
10101	60.145649	0.001281
10201	276.937530	0.000281
10301	162.085399	0.000485
10401	78.884052	0.001006
10501	37.900027	0.002114
10601	104.634942	0.000773
10701	76.767953	0.001063
10801	35.738826	0.002306
10901	87.056798	0.000955
11001	37.950274	0.002212
11101	114.341638	0.000741
11201	126.743026	0.000674
11301	223.012113	0.000387
11401	35.688019	0.002437
11501	173.803195	0.000505
11601	147.773558	0.000599
11701	202.520754	0.000441
11801	35.746358	0.002519
11901	129.258364	0.000702
12001	83.652508	0.001095
12101	68.363554	0.001350
12201	100.646411	0.000925
12301	201.599056	0.000466
12401	190.468944	0.000497
12501	91.965715	0.001037
12601	91.800400	0.001047
12701	133.860204	0.000724
12801	105.862220	0.000923
12901	62.245376	0.001581
13001	126.819088	0.000782
13101	129.847994	0.000770
13201	119.042872	0.000846
13301	110.551972	0.000918
13401	139.355770	0.000734
13501	102.550063	0.001004
13601	95.055129	0.001092
13701	87.617265	0.001193
13801	133.084869	0.000791
13901	212.742451	0.000499
14001	56.764023	0.001882
14101	191.699906	0.000561
14201	188.062613	0.000576
14301	249.124514	0.000438
14401	204.042862	0.000538
14501	31.460238	0.003517
14601	332.157910	0.000335
14701	185.259878	0.000605
14801	73.034740	0.001546
14901	393.294548	0.000289
15001	128.216886	0.000893
15101	112.675503	0.001023
15201	244.749028	0.000474
15301	58.054124	0.002011
15401	94.009264	0.001250
15501	248.252858	0.000476
15601	201.127562	0.000592
15701	71.383847	0.001678
15801	154.547491	0.000780
15901	153.784572	0.000789
16001	131.748089	0.000927
16101	321.358610	0.000382
16201	92.314065	0.001339
16301	97.091985	0.001281
16401	145.365366	0.000861
16501	261.139134	0.000482
16601	90.711521	0.001396
16701	130.285156	0.000978
16801	221.218221	0.000579
16901	81.949456	0.001573
17001	92.021560	0.001410
17101	241.551876	0.000540
17201	164.622293	0.000797
17301	304.915251	0.000433
17401	48.541949	0.002735
17501	209.104163	0.000639
17601	113.612819	0.001182
17701	126.796242	0.001065
17801	74.976184	0.001811
17901	176.131522	0.000775
18001	289.143490	0.000475
18101	273.202757	0.000505
18201	58.640524	0.002368
18301	241.453393	0.000578
18401	334.208332	0.000420
18501	235.757784	0.000599
18601	52.620128	0.002697
18701	190.172618	0.000750
18801	193.739652	0.000740
18901	226.654349	0.000636
19001	227.948446	0.000636
19101	112.793999	0.001292
19201	145.255255	0.001009
19301	82.111804	0.001793
19401	308.552332	0.000480
19501	105.387932	0.001412
19601	240.772456	0.000621
19701	80.243126	0.001873
19801	229.599233	0.000658
19901	405.837525	0.000374
20001	442.057558	0.000345
20101	409.367833	0.000375
20201	61.363421	0.002512
20301	164.746222	0.000940
20401	311.393687	0.000500
20501	161.431559	0.000969
20601	106.233168	0.001480
20701	420.601656	0.000376
20801	316.702522	0.000501
20901	90.760665	0.001757
21001	81.926339	0.001956
21101	178.187281	0.000903
21201	76.217209	0.002122
21301	186.843375	0.000870
21401	135.313357	0.001207
21501	65.628046	0.002500
21601	205.584707	0.000802
21701	240.944115	0.000687
21801	82.671116	0.002012
21901	253.895711	0.000658
22001	244.907982	0.000685
22101	85.923647	0.001962
22201	256.781986	0.000660
22301	219.229417	0.000776
22401	170.569346	0.001002
22501	148.660100	0.001155
22601	235.814945	0.000731
22701	162.504941	0.001066
22801	453.939260	0.000383
22901	196.647946	0.000888
23001	159.763499	0.001098
23101	120.101728	0.001467
23201	221.040025	0.000801
23301	300.945083	0.000591
23401	543.919011	0.000328
23501	301.264461	0.000595
23601	75.199212	0.002394
23701	397.895320	0.000454
23801	148.417512	0.001223
23901	319.391665	0.000571
24001	117.300481	0.001561
24101	465.897292	0.000395
24201	560.551893	0.000329
24301	346.479217	0.000535
24401	65.316087	0.002850
24501	223.532390	0.000836
24601	397.827376	0.000472
24701	87.882363	0.002144
24801	212.315383	0.000891
24901	252.415233	0.000753
25001	107.031524	0.001782
25101	261.595151	0.000732
25201	442.671710	0.000434
25301	111.441220	0.001732
25401	111.102475	0.001744
25501	349.691314	0.000556
25601	411.311858	0.000475
25701	493.154253	0.000398
25801	71.579385	0.002750
25901	412.405523	0.000479
26001	276.912046	0.000716
26101	119.069224	0.001672
26201	154.550456	0.001293
26301	455.433385	0.000441
26401	248.834355	0.000809
26501	177.685685	0.001138
26601	140.486117	0.001445
26701	187.824905	0.001085
26801	250.704160	0.000816
26901	456.964571	0.000449
27001	399.221008	0.000516
27101	76.620978	0.002699
27201	316.599427	0.000655
27301	187.927026	0.001108
27401	327.312325	0.000639
27501	141.992219	0.001478
27601	233.979153	0.000900
27701	100.796860	0.002097
27801	228.267497	0.000929
27901	458.817515	0.000464
28001	120.258753	0.001776
28101	319.694964	0.000671
28201	197.803053	0.001088
28301	156.884550	0.001376
28401	373.084342	0.000581
28501	112.768121	0.001928
28601	263.226098	0.000829
28701	177.244865	0.001235
28801	269.283121	0.000816
28901	494.244063	0.000446
29001	419.329556	0.000528
29101	238.859975	0.000930
29201	238.425047	0.000934
29301	179.929779	0.001242
29401	112.055554	0.002002
29501	461.504161	0.000488
29601	580.419406	0.000389
29701	448.329372	0.000505
29801	676.719081	0.000336
29901	672.288513	0.000339
30001	99.364073	0.002304
30101	803.656046	0.000286
30201	782.375182	0.000295
30301	347.549786	0.000665
30401	480.760027	0.000482
30501	92.250457	0.002523
30601	589.749609	0.000396
30701	377.704395	0.000620
30801	326.408321	0.000720
30901	110.013756	0.002143
31001	363.527329	0.000651
31101	97.195890	0.002441
31201	231.885095	0.001027
31301	523.001691	0.000457
31401	350.180976	0.000684
31501	321.356317	0.000748
31601	201.727660	0.001195
31701	258.239798	0.000937
31801	192.431449	0.001261
31901	408.573156	0.000596
32001	803.532854	0.000304
32101	371.490172	0.000659
32201	79.657031	0.003084
32301	413.640231	0.000596
32401	633.127741	0.000390
32501	506.076171	0.000490
32601	261.298445	0.000952
32701	583.796901	0.000427
32801	564.653875	0.000443
32901	159.267845	0.001576
33001	470.977169	0.000535
33101	112.135809	0.002252
33201	143.140446	0.001770
33301	234.497353	0.001083
33401	188.770853	0.001350
33501	169.704456	0.001506
33601	181.277037	0.001414
33701	173.039850	0.001486
33801	764.801167	0.000337
33901	390.404525	0.000663
34001	298.414795	0.000869
34101	659.111996	0.000395
34201	215.878354	0.001209
34301	276.500656	0.000946
34401	604.865729	0.000434
34501	487.602475	0.000540
34601	155.600644	0.001697
34701	272.387418	0.000972
34801	553.566500	0.000480
34901	606.289161	0.000439
35001	150.747442	0.001771
35101	216.930209	0.001234
35201	326.036711	0.000824
35301	195.264068	0.001379
35401	158.218357	0.001707
35501	426.257806	0.000635
35601	224.166221	0.001212
35701	187.451027	0.001453
35801	269.483440	0.001014
35901	341.431409	0.000802
36001	503.708283	0.000545
36101	206.083634	0.001336
36201	308.085455	0.000896
36301	535.368736	0.000517
36401	569.222164	0.000488
36501	598.602253	0.000465
36601	114.388729	0.002441
36701	428.201768	0.000654
36801	740.473507	0.000379
36901	362.060489	0.000778
37001	466.033565	0.000606
37101	308.091865	0.000919
37201	174.501922	0.001626
37301	374.326678	0.000760
37401	313.774780	0.000909
37501	331.782492	0.000862
37601	145.751620	0.001968
37701	591.295959	0.000486
37801	982.012292	0.000294
37901	391.826387	0.000738
38001	846.539154	0.000342
38101	90.269157	0.003220
38201	374.182855	0.000779
38301	265.807917	0.001099
38401	262.306243	0.001117
38501	247.200241	0.001188
38601	278.569351	0.001057
38701	176.147670	0.001676
38801	292.385328	0.001012
38901	619.052321	0.000479
39001	119.191781	0.002496
39101	337.234444	0.000885
39201	269.232829	0.001111
39301	223.683874	0.001340
39401	491.069324	0.000612
39501	686.565798	0.000439
39601	159.681177	0.001892
39701	381.683264	0.000794
39801	291.195835	0.001043
39901	309.268374	0.000984
40001	215.575118	0.001416
40101	801.015797	0.000382
40201	265.046357	0.001157
40301	277.101383	0.001110
40401	408.234369	0.000755
40501	312.583000	0.000989
40601	451.729098	0.000686
40701	298.389835	0.001041
40801	247.688248	0.001257
40901	188.142177	0.001659
41001	643.417829	0.000486
41101	560.160166	0.000560
41201	235.788890	0.001333
41301	444.580829	0.000709
41401	707.053591	0.000447
41501	352.607108	0.000898
41601	282.521515	0.001123
41701	330.200709	0.000964
41801	189.252938	0.001685
41901	414.591804	0.000771
42001	242.694809	0.001320
42101	235.770619	0.001362
42201	937.656289	0.000343
42301	753.641837	0.000428
42401	743.109327	0.000435
42501	131.155567	0.002472
42601	841.461669	0.000386
42701	551.319749	0.000591
42801	360.585525	0.000906
42901	230.624277	0.001419
43001	220.002799	0.001491
43101	515.802986	0.000638
43201	170.141060	0.001937
43301	745.652468	0.000443
43401	983.646492	0.000337
43501	624.112619	0.000532
43601	516.911884	0.000644
43701	111.470063	0.002991
43801	312.615013	0.001069
43901	164.262921	0.002039
44001	469.872300	0.000714
44101	630.611422	0.000534
44201	518.944914	0.000650
44301	139.547851	0.002422
44401	392.048499	0.000864
44501	159.850088	0.002124
44601	375.117893	0.000907
44701	325.547891	0.001048
44801	141.450360	0.002416
44901	544.306895	0.000629
45001	605.749417	0.000567
45101	351.221104	0.000980
45201	295.201853	0.001168
45301	232.490888	0.001487
45401	1007.228026	0.000344
45501	614.860121	0.000565
45601	198.231498	0.001755
45701	258.173347	0.001351
45801	656.278196	0.000532
45901	251.385378	0.001393
46001	303.937941	0.001155
46101	407.516715	0.000863
46201	523.232407	0.000674
46301	279.162076	0.001265
46401	667.301564	0.000531
46501	412.380181	0.000860
46601	214.074246	0.001661
46701	355.794145	0.001001
46801	292.010662	0.001223
46901	560.204641	0.000639
47001	238.464585	0.001504
47101	250.244434	0.001436
47201	917.833947	0.000392
47301	276.051028	0.001307
47401	206.487806	0.001751
47501	471.867862	0.000768
47601	285.069268	0.001274
47701	156.884663	0.002320
47801	619.615419	0.000589
47901	944.677810	0.000387
48001	986.202769	0.000371
48101	152.209329	0.002411
48201	730.426934	0.000503
48301	958.735855	0.000384
48401	1074.490579	0.000344
48501	147.649377	0.002506
48601	461.529018	0.000803
48701	336.962255	0.001103
48801	380.783547	0.000978
48901	298.303390	0.001251
49001	361.910250	0.001033
49101	404.371891	0.000926
49201	445.130804	0.000843
49301	540.492446	0.000696
49401	279.268295	0.001350
49501	291.599869	0.001295
49601	507.027576	0.000746
49701	496.909611	0.000763
49801	261.336664	0.001454
49901	362.753569	0.001050
50001	915.629414	0.000417
50101	566.342268	0.000675
50201	274.046372	0.001398
50301	487.820975	0.000787
50401	306.793499	0.001253
50501	565.147658	0.000682
50601	209.513389	0.001843
50701	256.140429	0.001510
50801	240.438718	0.001612
50901	247.473808	0.001569
51001	995.804400	0.000391
51101	905.727154	0.000430
51201	115.832697	0.003372
51301	999.590400	0.000392
51401	1021.400596	0.000384
51501	359.836151	0.001092
51601	233.886976	0.001683
51701	453.121864	0.000871
51801	179.853873	0.002197
51901	1016.072487	0.000390
52001	944.730463	0.000420
52101	821.516285	0.000484
52201	599.436620	0.000664
52301	134.061132	0.002976
52401	983.722585	0.000406
52501	432.833002	0.000925
52601	256.953942	0.001562
52701	614.428418	0.000654
52801	589.810104	0.000683
52901	534.680538	0.000755
53001	311.561745	0.001298
53101	223.313199	0.001814
53201	580.347754	0.000699
53301	537.890874	0.000756
53401	267.345219	0.001524
53501	321.982166	0.001268
53601	284.877433	0.001436
53701	567.751542	0.000722
53801	428.654660	0.000958
53901	700.643894	0.000587
54001	105.412647	0.003908
54101	519.595401	0.000794
54201	538.042006	0.000769
54301	723.712375	0.000572
54401	137.444009	0.003020
54501	672.164039	0.000619
54601	1040.133925	0.000400
54701	482.275988	0.000865
54801	176.575501	0.002368
54901	484.404762	0.000865
55001	284.463714	0.001475
55101	433.630650	0.000969
55201	213.028110	0.001977
55301	451.611120	0.000934
55401	333.064974	0.001269
55501	812.629533	0.000521
55601	779.717686	0.000544
55701	315.489741	0.001347
55801	210.173306	0.002026
55901	421.885400	0.001011
56001	245.548678	0.001740
56101	1256.203101	0.000341
56201	751.792685	0.000570
56301	999.832628	0.000430
56401	985.013835	0.000437
56501	175.239251	0.002460
56601	967.343673	0.000446
56701	595.238030	0.000727
56801	314.688577	0.001377
56901	246.220845	0.001763
57001	648.224200	0.000671
57101	329.797715	0.001321
57201	726.085593	0.000601
57301	269.832733	0.001620
57401	374.885191	0.001168
57501	723.845967	0.000606
57601	324.092872	0.001356
57701	559.916883	0.000786
57801	406.907453	0.001084
57901	354.628747	0.001246
58001	402.044807	0.001101
58101	386.814929	0.001146
58201	197.944832	0.002243
58301	330.093434	0.001348
58401	859.303323	0.000519
58501	444.025835	0.001005
58601	181.509904	0.002463
58701	539.308941	0.000830
58801	1043.315649	0.000430
58901	498.422913	0.000902
59001	226.662367	0.001986
59101	616.492623	0.000731
59201	507.427498	0.000890
59301	394.179563	0.001148
59401	394.097436	0.001150
59501	786.914562	0.000577
59601	484.724777	0.000938
59701	448.890411	0.001015
59801	941.390616	0.000485
59901	1196.951919	0.000382
60001	185.539364	0.002467
60101	1193.008360	0.000384
60201	788.317330	0.000583
60301	1050.111959	0.000438
60401	181.626370	0.002537
60501	357.947027	0.001290
60601	273.021014	0.001693
60701	428.403572	0.001081
60801	302.711032	0.001532
60901	795.030301	0.000584
61001	399.294445	0.001166
61101	234.343973	0.001989
61201	663.555426	0.000704
61301	805.538914	0.000581
61401	958.459200	0.000489
61501	188.927258	0.002484
61601	741.953751	0.000633
61701	567.262046	0.000830
61801	706.398155	0.000667
61901	429.945688	0.001098
62001	490.827232	0.000964
62101	827.081117	0.000573
62201	568.253763	0.000835
62301	327.624047	0.001451
62401	422.840489	0.001126
62501	367.506745	0.001298
62601	475.069795	0.001005
62701	377.108999	0.001269
62801	581.838633	0.000823
62901	418.073158	0.001148
63001	376.597300	0.001276
63101	239.929260	0.002007
63201	1216.430426	0.000396
63301	1007.579343	0.000479
63401	539.735778	0.000896
63501	202.805472	0.002389
63601	778.887685	0.000623
63701	902.935694	0.000538
63801	1096.923648	0.000444
63901	173.916840	0.002803
64001	329.503568	0.001482
64101	260.134349	0.001880
64201	839.131012	0.000584
64301	663.125147	0.000740
64401	836.604083	0.000587
64501	189.519255	0.002597
64601	1253.673685	0.000393
64701	821.026025	0.000601
64801	345.864394	0.001429
64901	454.558000	0.001089
65001	275.288564	0.001801
65101	353.986385	0.001403
65201	221.970490	0.002241
65301	234.590210	0.002124
65401	798.755708	0.000625
65501	686.203266	0.000728
65601	1066.171858	0.000469
65701	191.706220	0.002615
65801	1338.318224	0.000375
65901	366.732837	0.001371
66001	183.328776	0.002747
66101	633.321511	0.000796
66201	614.813042	0.000822
66301	316.677371	0.001597
66401	757.046190	0.000669
66501	449.530186	0.001129
66601	330.328340	0.001538
66701	507.648756	0.001002
66801	196.684989	0.002591
66901	526.404603	0.000970
67001	300.684582	0.001700
67101	291.890883	0.001754
67201	789.498498	0.000649
67301	207.407814	0.002476
67401	292.175561	0.001760
67501	325.398676	0.001583
67601	274.731968	0.001877
67701	968.716373	0.000533
67801	1332.916867	0.000388
67901	170.515365	0.003038
68001	754.993213	0.000687
68101	201.047319	0.002584
68201	790.270387	0.000658
68301	506.970038	0.001028
68401	578.017042	0.000903
68501	333.600271	0.001567
68601	1113.061908	0.000470
68701	697.709000	0.000751
68801	1183.881968	0.000443
68901	206.223603	0.002549
69001	605.295911	0.000870
69101	1211.906340	0.000435
69201	373.519582	0.001413
69301	459.481537	0.001151
69401	324.004054	0.001634
69501	743.871031	0.000713
69601	927.746063	0.000572
69701	153.200478	0.003471
69801	1206.232712	0.000441
69901	1026.268329	0.000520
70001	270.245982	0.001976
70101	1016.272057	0.000526
70201	1257.245216	0.000426
70301	1572.089192	0.000341
70401	209.094431	0.002569
70501	1094.894376	0.000491
70601	920.713044	0.000585
70701	320.698399	0.001682
70801	461.176818	0.001171
70901	283.256016	0.001910
71001	1226.757736	0.000442
71101	789.711734	0.000687
71201	199.062360	0.002729
71301	609.567980	0.000892
71401	394.314188	0.001382
71501	340.210812	0.001603
71601	354.862805	0.001539
71701	309.136468	0.001770
71801	652.960268	0.000839
71901	1262.951923	0.000434
72001	614.968731	0.000893
72101	187.357986	0.002936
72201	683.823325	0.000806
72301	395.986310	0.001393
72401	381.690211	0.001447
72501	293.559322	0.001884
72601	1285.051191	0.000431
72701	682.718707	0.000812
72801	317.918380	0.001747
72901	690.257182	0.000806
73001	688.069430	0.000809
73101	703.628857	0.000793
73201	277.964715	0.002009
73301	729.961218	0.000766
73401	1271.533063	0.000440
73501	987.176145	0.000568
73601	191.011269	0.002940
73701	871.849156	0.000645
73801	306.459037	0.001837
73901	495.314162	0.001138
74001	907.152112	0.000622
74101	1232.526638	0.000459
74201	173.614679	0.003261
74301	375.921225	0.001508
74401	588.501724	0.000965
74501	249.061678	0.002282
74601	430.640944	0.001322
74701	302.192526	0.001886
74801	698.414632	0.000817
74901	683.530955	0.000836
75001	1302.948969	0.000439
75101	1058.266378	0.000541
75201	224.398256	0.002557
75301	1081.052393	0.000531
75401	960.234852	0.000599
75501	213.083145	0.002703
75601	486.143046	0.001186
75701	1202.023572	0.000480
75801	379.841932	0.001523
75901	406.608201	0.001424
76001	433.283024	0.001338
76101	347.427792	0.001671
76201	542.518489	0.001072
76301	246.599818	0.002361
76401	608.434986	0.000958
76501	338.312971	0.001725
76601	386.848576	0.001511
76701	1059.353922	0.000552
76801	624.136979	0.000939
76901	366.371894	0.001601
77001	717.531325	0.000819
77101	1196.292605	0.000492
77201	1370.655206	0.000430
77301	205.402948	0.002871
77401	1353.796767	0.000436
77501	934.113800	0.000633
77601	820.908971	0.000721
77701	245.080014	0.002419
77801	1371.563761	0.000433
77901	1098.116635	0.000541
78001	198.176819	0.003003
78101	354.683267	0.001680
78201	377.750865	0.001579
78301	291.787403	0.002047
78401	1237.759433	0.000483
78501	1115.717760	0.000537
78601	809.815634	0.000741
78701	235.458378	0.002550
78801	1576.225879	0.000381
78901	812.850778	0.000741
79001	201.269610	0.002995
79101	965.073032	0.000625
79201	599.680380	0.001008
79301	341.793254	0.001770
79401	435.745498	0.001390
79501	265.267673	0.002287
79601	398.270570	0.001525
79701	284.775982	0.002135
79801	511.307013	0.001191
79901	283.690058	0.002149
80001	353.074096	0.001729
80101	1183.876797	0.000516
80201	541.166405	0.001131
80301	441.003832	0.001389
80401	588.855594	0.001042
80501	908.180252	0.000676
80601	401.873871	0.001530
80701	647.955891	0.000950
80801	1405.416785	0.000439
80901	937.646863	0.000658
81001	230.286901	0.002684
81101	446.972593	0.001384
81201	213.160132	0.002906
81301	981.826801	0.000632
81401	481.699255	0.001289
81501	434.010388	0.001433
81601	944.036944	0.000659
81701	798.336984	0.000781
81801	238.959083	0.002612
81901	467.029695	0.001338
82001	283.839394	0.002204
82101	1197.818318	0.000523
82201	1616.863716	0.000388
82301	364.719348	0.001722
82401	308.318084	0.002039
82501	1439.823671	0.000437
82601	703.303610	0.000896
82701	334.274629	0.001888
82801	427.227434	0.001479
82901	294.903235	0.002145
83001	573.709779	0.001104
83101	277.194231	0.002287
83201	386.872447	0.001641
83301	725.559909	0.000876
83401	245.592137	0.002591
83501	687.978525	0.000926
83601	596.460644	0.001069
83701	364.310384	0.001753
83801	1020.002351	0.000627
83901	904.712658	0.000708
84001	272.228117	0.002354
84101	535.111815	0.001199
84201	1284.587349	0.000500
84301	776.064491	0.000829
84401	420.721829	0.001531
84501	349.605155	0.001844
84601	686.102545	0.000941
84701	833.617375	0.000775
84801	385.627379	0.001678
84901	487.464846	0.001329
85001	792.890794	0.000818
85101	398.426515	0.001630
85201	624.032752	0.001042
85301	692.916100	0.000939
85401	356.724194	0.001827
85501	631.879770	0.001032
85601	1000.834061	0.000653
85701	1360.093516	0.000481
85801	200.606284	0.003263
85901	473.474015	0.001384
86001	967.782080	0.000678
86101	1189.327160	0.000552
86201	227.983129	0.002885
