1	0.002539	0.003005
101	1.962295	0.000393
201	4.142354	0.000370
301	0.708284	0.003242
401	15.760800	0.000194
501	1.257170	0.003040
601	0.726974	0.006307
701	2.746279	0.001947
801	5.583784	0.001094
901	7.095272	0.000969
1001	7.846908	0.000973
1101	3.041422	0.002762
1201	46.517176	0.000197
1301	40.163673	0.000247
1401	2.331435	0.004585
1501	1.006027	0.011383
1601	1.660607	0.007356
1701	4.719519	0.002750
1801	8.863428	0.001550
1901	6.052894	0.002396
2001	5.572806	0.002739
2101	17.428119	0.000920
2201	4.447227	0.003776
2301	4.913333	0.003573
2401	4.859751	0.003769
2501	68.975915	0.000277
2601	9.998499	0.001985
2701	40.009171	0.000515
2801	27.236978	0.000785
2901	5.044796	0.004387
3001	8.927860	0.002565
3101	91.164314	0.000260
3201	94.854394	0.000257
3301	95.177362	0.000265
3401	82.190181	0.000316
3501	83.633398	0.000319
3601	4.538543	0.006053
3701	23.709832	0.001191
3801	22.428462	0.001293
3901	53.525086	0.000556
4001	62.226620	0.000491
4101	2.972667	0.010525
4201	10.405781	0.003080
4301	4.010284	0.008182
4401	3.733164	0.008994
4501	12.756028	0.002692
4601	3.781320	0.009283
4701	23.058668	0.001555
4801	93.884674	0.000390
4901	21.538338	0.001736
5001	6.494178	0.005875
5101	2.815594	0.013822
5201	7.842765	0.005060
5301	12.660688	0.003194
5401	39.855093	0.001034
5501	14.701759	0.002855
5601	28.533844	0.001498
5701	15.401327	0.002824
5801	22.020551	0.002010
5901	28.630557	0.001572
6001	14.164635	0.003232
6101	83.127951	0.000560
6201	50.137479	0.000944
6301	19.108826	0.002516
6401	121.998413	0.000400
6501	78.910220	0.000629
6601	10.335705	0.004873
6701	16.273047	0.003142
6801	6.228931	0.008330
6901	76.080305	0.000692
7001	135.366128	0.000395
7101	20.601484	0.002630
7201	122.911919	0.000447
7301	125.130062	0.000445
7401	126.642308	0.000446
7501	22.625372	0.002529
7601	148.041740	0.000392
7701	194.087210	0.000303
7801	230.172945	0.000259
7901	231.588297	0.000260
8001	200.871569	0.000304
8101	25.152921	0.002457
8201	200.463070	0.000312
8301	204.914170	0.000309
8401	238.896247	0.000268
8501	240.174619	0.000270
8601	14.533905	0.004515
8701	56.567191	0.001174
8801	14.499953	0.004631
8901	20.987097	0.003236
9001	46.526467	0.001476
9101	47.134587	0.001473
9201	150.286152	0.000467
9301	12.856247	0.005520
9401	12.722511	0.005638
9501	20.661007	0.003508
9601	10.169105	0.007203
9701	10.095235	0.007331
9801	13.183563	0.005672
9901	48.651257	0.001553
10001	244.279934	0.000312
10101	243.399022	0.000317
10201	45.056140	0.001727
10301	61.658162	0.001275
10401	206.836347	0.000384
10501	244.084923	0.000328
10601	240.244639	0.000337
10701	32.988950	0.002475
10801	223.339325	0.000369
10901	367.231594	0.000226
11001	244.795371	0.000343
11101	168.517222	0.000503
11201	31.945717	0.002675
11301	326.870705	0.000264
11401	282.330761	0.000308
11501	273.241288	0.000321
11601	20.515348	0.004314
11701	339.573939	0.000263
11801	101.575896	0.000886
11901	12.496396	0.007266
12001	205.865264	0.000445
12101	29.444016	0.003136
12201	93.515772	0.000995
12301	22.300241	0.004208
12401	29.873224	0.003167
12501	24.595360	0.003878
12601	51.479669	0.001867
12701	82.193644	0.001179
12801	109.669881	0.000891
12901	75.658458	0.001301
13001	38.437108	0.002581
13101	37.117338	0.002693
13201	29.213985	0.003448
13301	8.023337	0.012648
13401	273.730516	0.000374
13501	125.948819	0.000818
13601	35.077166	0.002958
13701	121.032251	0.000864
13801	45.348878	0.002322
13901	161.159838	0.000658
14001	20.828889	0.005128
14101	40.774568	0.002638
14201	349.102572	0.000310
14301	9.833179	0.011096
14401	22.479139	0.004888
14501	37.317064	0.002965
14601	31.378311	0.003550
14701	10.139707	0.011061
14801	15.308195	0.007377
14901	26.919373	0.004223
15001	10.434667	0.010968
15101	29.856053	0.003859
15201	26.712912	0.004342
15301	33.522137	0.003482
15401	204.177894	0.000575
15501	45.728372	0.002586
15601	23.902071	0.004980
15701	19.741200	0.006068
15801	81.810055	0.001474
15901	94.166365	0.001288
16001	143.655429	0.000850
16101	45.336838	0.002710
16201	173.881464	0.000711
16301	138.745608	0.000896
16401	16.496217	0.007585
16501	19.989714	0.006298
16601	19.213206	0.006592
16701	33.997551	0.003748
16801	378.913759	0.000338
16901	79.506668	0.001622
17001	31.961629	0.004058
17101	41.094945	0.003175
17201	146.410122	0.000896
17301	289.883104	0.000455
17401	57.377287	0.002314
17501	294.088599	0.000454
17601	13.712158	0.009793
17701	227.195814	0.000594
17801	258.131642	0.000526
17901	314.950043	0.000434
18001	10.814561	0.012699
18101	216.592891	0.000638
18201	47.530707	0.002922
18301	208.541869	0.000670
18401	56.006521	0.002507
18501	213.629945	0.000661
18601	43.120841	0.003291
18701	68.198138	0.002092
18801	61.485032	0.002333
18901	38.559012	0.003740
19001	28.947955	0.005008
19101	57.832615	0.002520
19201	55.394977	0.002644
19301	134.735728	0.001093
19401	43.410129	0.003410
19501	406.128818	0.000366
19601	38.405797	0.003894
19701	17.801338	0.008444
19801	236.792418	0.000638
19901	63.865041	0.002377
20001	341.641863	0.000447
20101	30.948820	0.004955
20201	20.468076	0.007530
20301	24.338373	0.006364
20401	35.960285	0.004328
20501	222.406994	0.000703
20601	39.022995	0.004028
20701	20.212202	0.007814
20801	489.213984	0.000324
20901	155.864093	0.001023
21001	19.443416	0.008241
21101	54.026191	0.002980
21201	36.487862	0.004433
21301	34.067501	0.004770
21401	105.976990	0.001541
21501	70.304293	0.002333
21601	419.800585	0.000393
21701	377.662052	0.000438
21801	426.281914	0.000390
21901	430.278970	0.000388
22001	53.861067	0.003116
22101	348.122197	0.000484
22201	71.880055	0.002356
22301	165.853430	0.001026
22401	52.963438	0.003227
22501	58.433938	0.002938
22601	535.491116	0.000322
22701	29.619516	0.005847
22801	29.243539	0.005949
22901	68.293444	0.002558
23001	48.424863	0.003624
23101	151.406644	0.001164
23201	66.248933	0.002672
23301	30.018128	0.005922
23401	231.576496	0.000771
23501	14.699730	0.012197
23601	43.228537	0.004165
23701	358.854511	0.000504
23801	27.691144	0.006558
23901	456.779103	0.000399
24001	570.754001	0.000321
24101	31.638044	0.005812
24201	567.963021	0.000325
24301	574.329465	0.000323
24401	590.695967	0.000315
24501	34.874687	0.005360
24601	24.935781	0.007527
24701	474.459548	0.000397
24801	429.076792	0.000441
24901	425.675885	0.000446
25001	486.739822	0.000392
25101	72.785340	0.002631
25201	23.492536	0.008184
25301	62.045224	0.003111
25401	592.380745	0.000327
25501	480.059086	0.000405
25601	379.644477	0.000514
25701	48.996067	0.004002
25801	29.331431	0.006711
25901	62.684558	0.003152
26001	25.334838	0.007830
26101	127.639118	0.001560
26201	100.799887	0.001983
26301	19.968504	0.010049
26401	155.388537	0.001296
26501	51.993932	0.003889
26601	153.495053	0.001322
26701	84.774097	0.002403
26801	147.225902	0.001389
26901	514.208362	0.000399
27001	430.282684	0.000479
27101	63.906984	0.003235
27201	26.633601	0.007792
27301	326.167023	0.000639
27401	81.155830	0.002576
27501	463.474413	0.000453
27601	416.886950	0.000505
27701	412.250511	0.000513
27801	78.269453	0.002710
27901	50.885159	0.004183
28001	251.216130	0.000850
28101	89.844831	0.002386
28201	488.182989	0.000441
28301	33.979500	0.006354
28401	60.233758	0.003597
28501	78.653735	0.002765
28601	34.270217	0.006367
28701	19.543977	0.011204
28801	34.461220	0.006376
28901	31.711863	0.006953
29001	79.866752	0.002770
29101	74.230114	0.002991
29201	37.761530	0.005900
29301	241.520714	0.000926
29401	489.676448	0.000458
29501	33.851157	0.006649
29601	685.074568	0.000330
29701	600.083835	0.000378
29801	441.409285	0.000515
29901	88.564211	0.002576
30001	71.632360	0.003195
30101	24.696808	0.009299
30201	298.000525	0.000773
30301	34.653843	0.006671
30401	526.856340	0.000440
30501	64.490926	0.003608
30601	324.885861	0.000719
30701	84.999096	0.002756
30801	203.315367	0.001156
30901	23.009385	0.010246
31001	60.131978	0.003933
31101	213.695296	0.001110
31201	71.138091	0.003346
31301	114.717950	0.002082
31401	740.712883	0.000323
31501	209.182059	0.001149
31601	105.964754	0.002275
31701	264.503665	0.000914
31801	89.922171	0.002698
31901	746.642226	0.000326
32001	500.069038	0.000488
32101	219.567598	0.001115
32201	130.463943	0.001883
32301	244.118036	0.001009
32401	63.233851	0.003909
32501	74.493324	0.003329
32601	55.179721	0.004508
32701	324.789561	0.000768
32801	33.670257	0.007432
32901	202.181173	0.001242
33001	53.118793	0.004740
33101	111.963962	0.002256
33201	78.543307	0.003225
33301	190.765815	0.001332
33401	101.192281	0.002518
33501	431.385272	0.000592
33601	673.507274	0.000381
33701	313.540577	0.000820
33801	77.166695	0.003342
33901	27.379996	0.009446
34001	337.957789	0.000768
34101	454.181391	0.000573
34201	68.177975	0.003827
34301	710.299551	0.000368
34401	333.605594	0.000787
34501	100.328744	0.002624
34601	510.481785	0.000517
34701	316.613447	0.000836
34801	32.184303	0.008250
34901	61.772482	0.004311
35001	271.264360	0.000984
35101	86.953577	0.003080
35201	88.261618	0.003043
35301	584.760679	0.000461
35401	846.002465	0.000319
35501	612.556774	0.000442
35601	105.268505	0.002580
35701	426.140844	0.000639
35801	62.466336	0.004373
35901	58.297636	0.004698
36001	48.125026	0.005707
36101	618.443541	0.000445
36201	34.967767	0.007898
36301	57.047202	0.004855
36401	37.103932	0.007485
36501	29.988867	0.009286
36601	359.535551	0.000777
36701	41.756106	0.006706
36801	58.521084	0.004798
36901	714.852733	0.000394
37001	118.570055	0.002381
37101	870.458288	0.000325
37201	871.813216	0.000326
37301	748.198287	0.000380
37401	52.192828	0.005467
37501	67.401664	0.004245
37601	30.295935	0.009469
37701	50.610871	0.005683
37801	67.981365	0.004242
37901	103.486960	0.002794
38001	736.278784	0.000394
38101	773.338764	0.000376
38201	507.967202	0.000574
38301	105.807525	0.002762
38401	71.403091	0.004103
38501	247.918996	0.001185
38601	87.730689	0.003357
38701	105.296742	0.002804
38801	847.591395	0.000349
38901	425.617694	0.000697
39001	35.114114	0.008474
39101	100.617574	0.002965
39201	592.802758	0.000505
39301	86.337651	0.003473
39401	101.694128	0.002956
39501	927.696662	0.000325
39601	87.928054	0.003436
39701	465.515905	0.000651
39801	168.709128	0.001800
39901	37.622122	0.008092
40001	46.052166	0.006627
40101	95.111809	0.003217
40201	928.217861	0.000330
40301	120.001720	0.002562
40401	78.588047	0.003922
40501	278.190512	0.001111
40601	120.154759	0.002578
40701	452.740247	0.000686
40801	655.817775	0.000475
40901	854.680929	0.000365
41001	118.763259	0.002634
41101	319.181287	0.000982
41201	125.815577	0.002498
41301	610.599002	0.000516
41401	598.231698	0.000528
41501	117.288437	0.002700
41601	229.836524	0.001381
41701	119.529980	0.002662
41801	119.244340	0.002674
41901	607.644109	0.000526
42001	446.122488	0.000718
42101	44.370387	0.007239
42201	49.888910	0.006454
42301	113.183242	0.002851
42401	104.054386	0.003109
42501	98.776456	0.003283
42601	379.082979	0.000857
42701	106.941822	0.003046
42801	250.185729	0.001305
42901	92.138006	0.003552
43001	115.525395	0.002840
43101	264.760485	0.001242
43201	91.263932	0.003611
43301	75.349813	0.004384
43401	102.394146	0.003234
43501	646.371629	0.000513
43601	131.320250	0.002533
43701	565.754779	0.000589
43801	105.550912	0.003166
43901	1040.831630	0.000322
44001	750.564172	0.000447
44101	86.660871	0.003883
44201	80.807397	0.004173
44301	73.933208	0.004572
44401	150.098860	0.002257
44501	1038.092666	0.000327
44601	438.420330	0.000776
44701	71.337905	0.004781
44801	331.145419	0.001032
44901	132.187271	0.002592
45001	860.138831	0.000399
45101	865.094044	0.000398
45201	744.954260	0.000463
45301	34.576518	0.009996
45401	279.576636	0.001239
45501	24.500766	0.014169
45601	42.053098	0.008273
45701	72.556193	0.004806
45801	42.087439	0.008303
45901	118.308060	0.002960
46001	1079.103455	0.000325
46101	1075.046092	0.000327
46201	958.566784	0.000368
46301	30.357132	0.011636
46401	62.501771	0.005664
46501	107.396803	0.003303
46601	118.449113	0.003002
46701	609.075917	0.000585
46801	105.710279	0.003378
46901	428.387210	0.000835
47001	153.681754	0.002333
47101	54.176138	0.006633
47201	402.112099	0.000896
47301	215.841328	0.001672
47401	101.502477	0.003563
47501	57.614445	0.006290
47601	79.541833	0.004566
47701	637.037736	0.000571
47801	946.347433	0.000385
47901	66.403739	0.005504
48001	570.116114	0.000642
48101	48.279268	0.007601
48201	40.734705	0.009028
48301	435.659905	0.000846
48401	82.681569	0.004466
48501	156.107863	0.002370
48601	483.026756	0.000768
48701	447.849920	0.000830
48801	30.960714	0.012026
48901	244.684959	0.001525
49001	68.591085	0.005450
49101	111.270159	0.003367
49201	278.080779	0.001350
49301	36.806467	0.010219
49401	574.539104	0.000656
49501	141.708252	0.002665
49601	960.164163	0.000394
49701	541.427259	0.000700
49801	137.064125	0.002772
49901	369.470997	0.001030
50001	145.324516	0.002625
50101	85.320987	0.004480
50201	205.178162	0.001867
50301	483.844342	0.000793
50401	108.775158	0.003535
50501	130.040370	0.002963
50601	432.787681	0.000892
50701	471.389909	0.000821
50801	145.805020	0.002658
50901	851.256103	0.000456
51001	847.250932	0.000459
51101	111.805494	0.003487
51201	83.909518	0.004655
51301	39.926285	0.009803
51401	1177.953064	0.000333
51501	1035.959823	0.000379
51601	1046.186686	0.000376
51701	1006.270183	0.000392
51801	165.593402	0.002387
51901	778.065988	0.000509
52001	459.460687	0.000863
52101	89.788057	0.004427
52201	554.712078	0.000718
52301	55.398190	0.007203
52401	781.627410	0.000511
52501	873.541570	0.000459
52601	901.069894	0.000445
52701	168.689656	0.002384
52801	283.199158	0.001422
52901	71.434375	0.005650
53001	156.117653	0.002590
53101	58.376882	0.006940
53201	192.858282	0.002105
53301	426.157674	0.000954
53401	1051.644539	0.000387
53501	1084.639865	0.000376
53601	1083.202425	0.000378
53701	63.649341	0.006437
53801	49.209691	0.008341
53901	119.848826	0.003431
54001	31.980687	0.012883
54101	90.696167	0.004551
54201	93.328384	0.004431
54301	136.578335	0.003033
54401	80.841748	0.005134
54501	143.296658	0.002902
54601	113.798678	0.003661
54701	542.938294	0.000769
54801	58.952263	0.007092
54901	1057.488948	0.000396
55001	945.459527	0.000444
55101	917.007660	0.000458
55201	163.859770	0.002570
55301	33.154097	0.012726
55401	1104.956820	0.000383
55501	736.315577	0.000575
55601	657.497064	0.000645
55701	841.199928	0.000505
55801	40.004389	0.010642
55901	32.330540	0.013192
56001	70.539694	0.006057
56101	265.883132	0.001610
56201	111.086509	0.003860
56301	127.550085	0.003368
56401	104.236959	0.004128
56501	87.387310	0.004933
56601	608.864647	0.000709
56701	516.732070	0.000837
56801	57.184198	0.007578
56901	833.314846	0.000521
57001	350.962967	0.001239
57101	95.891273	0.004543
57201	72.567534	0.006014
57301	70.114680	0.006235
57401	121.359157	0.003609
57501	123.714315	0.003546
57601	126.040380	0.003487
57701	56.114711	0.007845
57801	60.107775	0.007337
57901	79.360623	0.005566
58001	163.152521	0.002712
58101	680.311670	0.000652
58201	687.667531	0.000646
58301	149.301206	0.002979
58401	127.174415	0.003504
58501	1135.301289	0.000393
58601	1125.243813	0.000397
58701	452.751624	0.000989
58801	209.581213	0.002141
58901	981.650380	0.000458
59001	1007.459377	0.000447
59101	1170.312588	0.000385
59201	44.180318	0.010223
59301	34.251461	0.013209
59401	168.391017	0.002691
59501	352.649538	0.001287
59601	698.141287	0.000651
59701	1042.284409	0.000437
59801	1029.051604	0.000443
59901	181.120213	0.002523
60001	1351.451158	0.000339
60101	1145.234967	0.000400
60201	848.964745	0.000541
60301	1273.589258	0.000361
60401	177.626244	0.002594
60501	1018.341356	0.000453
60601	145.704768	0.003173
60701	114.216077	0.004055
60801	84.088947	0.005516
60901	258.004707	0.001801
61001	656.389115	0.000709
61101	195.803673	0.002381
61201	909.177379	0.000514
61301	710.064918	0.000659
61401	434.507714	0.001078
61501	166.359260	0.002820
61601	732.514925	0.000642
61701	177.193418	0.002657
61801	562.345548	0.000838
61901	597.500845	0.000790
62001	153.039579	0.003091
62101	136.092373	0.003481
62201	414.075202	0.001146
62301	149.849501	0.003172
62401	617.072082	0.000772
62501	153.799121	0.003100
62601	238.937452	0.001999
62701	355.142315	0.001347
62801	931.835280	0.000514
62901	930.320507	0.000516
63001	185.529930	0.002591
63101	903.797547	0.000533
63201	669.342254	0.000720
63301	63.398834	0.007618
63401	184.519705	0.002621
63501	754.235238	0.000642
63601	73.149691	0.006633
63701	75.165760	0.006466
63801	764.298921	0.000637
63901	119.794364	0.004070
64001	118.253479	0.004129
64101	95.713958	0.005110
64201	1086.586716	0.000451
64301	86.053438	0.005701
64401	83.143337	0.005910
64501	168.551450	0.002920
64601	133.297245	0.003697
64701	1137.609767	0.000434
64801	995.976116	0.000496
64901	1070.586928	0.000463
65001	1383.877000	0.000358
65101	203.641086	0.002439
65201	767.908172	0.000648
65301	159.034173	0.003133
65401	1074.504212	0.000464
65501	969.099677	0.000516
65601	973.520715	0.000514
65701	205.579948	0.002438
65801	60.950213	0.008237
65901	48.615720	0.010342
66001	65.589775	0.007677
66101	222.417898	0.002267
66201	314.140648	0.001608
66301	176.132737	0.002872
66401	711.967420	0.000712
66501	165.281657	0.003070
66601	433.487332	0.001172
66701	174.531308	0.002916
66801	1155.842839	0.000441
66901	987.702655	0.000517
67001	193.647002	0.002640
67101	726.644615	0.000705
67201	613.210098	0.000836
67301	47.292654	0.010857
67401	718.337435	0.000716
67501	219.989741	0.002341
67601	1551.218670	0.000332
67701	719.112118	0.000718
67801	100.337126	0.005155
67901	100.437513	0.005158
68001	71.525150	0.007253
68101	125.577022	0.004137
68201	74.491876	0.006985
68301	139.298164	0.003741
68401	1168.922236	0.000446
68501	90.339586	0.005785
68601	229.031450	0.002285
68701	1326.754375	0.000395
68801	196.255316	0.002675
68901	170.928648	0.003075
69001	930.868926	0.000566
69101	1357.900361	0.000388
69201	921.994207	0.000573
69301	90.841467	0.005820
69401	144.554371	0.003663
69501	51.648125	0.010267
69601	46.565221	0.011404
69701	98.893336	0.005377
69801	133.682487	0.003984
69901	930.836153	0.000573
70001	72.683981	0.007348
70101	930.656094	0.000575
70201	167.461141	0.003198
70301	184.855749	0.002901
70401	1364.935879	0.000394
70501	1067.937230	0.000504
70601	174.265889	0.003091
70701	43.424730	0.012422
70801	307.274485	0.001758
70901	185.533714	0.002916
71001	198.627459	0.002727
71101	423.535215	0.001281
71201	215.255782	0.002524
71301	935.351890	0.000582
71401	936.840002	0.000581
71501	46.817660	0.011652
71601	74.822844	0.007301
71701	178.357934	0.003067
71801	1609.058620	0.000340
71901	123.696112	0.004435
72001	71.552812	0.007677
72101	55.956798	0.009831
72201	932.080924	0.000591
72301	191.013501	0.002888
72401	1450.731267	0.000381
72501	1460.528244	0.000379
72601	186.284570	0.002973
72701	82.912536	0.006690
72801	410.631359	0.001353
72901	182.550883	0.003047
73001	828.522452	0.000672
73101	146.261329	0.003813
73201	1732.553030	0.000322
73301	174.354124	0.003208
73401	539.797055	0.001037
73501	148.382343	0.003779
73601	160.527550	0.003498
73701	84.927421	0.006621
73801	337.402642	0.001669
73901	71.743854	0.007859
74001	153.418000	0.003680
74101	64.815776	0.008722
74201	73.342392	0.007719
74301	67.017018	0.008459
74401	185.429202	0.003061
74501	1316.511158	0.000432
74601	79.916334	0.007122
74701	1274.622226	0.000447
74801	93.214393	0.006122
74901	103.239247	0.005535
75001	233.364969	0.002452
75101	338.309721	0.001694
75201	75.971810	0.007552
75301	288.095244	0.001994
75401	260.439601	0.002209
75501	159.113854	0.003620
75601	181.518810	0.003178
75701	811.004357	0.000712
75801	1021.617829	0.000566
75901	218.386543	0.002652
76001	1256.682694	0.000461
76101	1124.260646	0.000516
76201	184.604595	0.003149
76301	1121.833880	0.000519
76401	1024.241310	0.000569
76501	215.928834	0.002703
76601	1012.977730	0.000577
76701	823.533965	0.000711
76801	149.145266	0.003929
76901	171.007988	0.003431
77001	153.324281	0.003832
77101	178.807248	0.003290
77201	1529.379625	0.000385
77301	1529.007182	0.000386
77401	160.889116	0.003670
77501	919.787893	0.000643
77601	194.607531	0.003042
77701	104.614557	0.005667
77801	315.801158	0.001880
77901	78.414316	0.007579
78001	1327.763498	0.000448
78101	1554.167583	0.000383
78201	119.219767	0.005004
78301	54.360181	0.010989
78401	138.230648	0.004327
78501	1022.955068	0.000585
78601	1160.406984	0.000517
78701	116.911714	0.005136
78801	82.308789	0.007304
78901	406.787454	0.001480
79001	74.938574	0.008043
79101	92.018907	0.006558
79201	60.579138	0.009975
79301	72.112313	0.008390
79401	1352.435114	0.000448
79501	527.335870	0.001150
79601	188.663244	0.003219
79701	130.613283	0.004656
79801	106.532028	0.005715
79901	342.909902	0.001778
80001	193.347135	0.003157
80101	493.419425	0.001239
80201	84.070425	0.007278
80301	1345.636400	0.000455
80401	227.350272	0.002698
80501	79.915075	0.007685
80601	261.279261	0.002354
80701	53.250074	0.011562
80801	1361.112197	0.000453
80901	1393.664219	0.000443
81001	192.054997	0.003218
81101	967.271874	0.000640
81201	1350.521302	0.000459
81301	283.116963	0.002191
81401	1395.106085	0.000445
81501	82.675119	0.007521
81601	266.313929	0.002338
81701	171.990834	0.003624
81801	198.034002	0.003151
81901	112.632509	0.005548
82001	185.759642	0.003368
82101	152.064344	0.004119
82201	136.667686	0.004589
82301	78.131332	0.008037
82401	143.531620	0.004380
82501	1366.144731	0.000461
82601	198.766306	0.003171
82701	88.282658	0.007147
82801	126.150836	0.005008
82901	181.304872	0.003489
83001	242.532833	0.002611
83101	297.070652	0.002134
83201	120.999173	0.005246
83301	128.204538	0.004957
83401	79.747388	0.007979
83501	1405.953972	0.000453
83601	196.726317	0.003242
83701	229.002804	0.002789
83801	627.210127	0.001019
83901	54.026368	0.011848
84001	240.982732	0.002659
84101	183.794686	0.003491
84201	611.871156	0.001050
84301	253.702541	0.002535
84401	1660.776933	0.000388
84501	1433.751009	0.000450
84601	244.536882	0.002639
84701	1654.749987	0.000391
84801	1894.513798	0.000342
84901	1663.117275	0.000389
85001	1663.516852	0.000390
85101	234.425443	0.002770
85201	135.677028	0.004791
85301	217.351521	0.002994
85401	190.913263	0.003413
85501	161.652760	0.004035
85601	230.619445	0.002832
85701	206.142708	0.003172
85801	1801.870600	0.000363
85901	976.971022	0.000671
86001	192.405142	0.003410
86101	438.478653	0.001498
86201	104.536098	0.006291
86301	1020.225181	0.000645
86401	512.797156	0.001285
86501	279.885162	0.002358
86601	790.325614	0.000836
86701	75.951954	0.008709
86801	84.536235	0.007834
86901	228.411285	0.002903
87001	761.843478	0.000871
87101	119.850430	0.005545
87201	256.586471	0.002593
87301	206.981190	0.003218
87401	185.691376	0.003591
87501	152.730347	0.004371
87601	192.234513	0.003477
87701	282.727264	0.002367
87801	924.067287	0.000725
87901	1743.485984	0.000385
88001	1295.051817	0.000518
88101	144.318542	0.004657
88201	267.064545	0.002520
88301	134.917512	0.004993
88401	1164.769685	0.000579
88501	1496.786950	0.000451
88601	760.902714	0.000888
88701	250.328644	0.002703
88801	61.961379	0.010934
88901	94.840860	0.007152
89001	212.949597	0.003189
89101	1189.132984	0.000572
89201	1099.001053	0.000619
89301	100.676082	0.006767
89401	1166.910699	0.000585
89501	1736.473779	0.000393
89601	221.228435	0.003090
89701	342.619415	0.001997
89801	47.770812	0.014342
89901	188.428781	0.003640
90001	177.541003	0.003868
90101	77.386892	0.008883
90201	131.177686	0.005246
90301	236.650044	0.002911
90401	214.646098	0.003213
90501	826.474724	0.000835
90601	174.703261	0.003957
90701	108.808584	0.006360
90801	94.148775	0.007358
90901	103.634530	0.006692
91001	70.981173	0.009781
91101	89.400438	0.007775
91201	102.995571	0.006756
91301	190.802307	0.003651
91401	158.843640	0.004390
91501	61.140252	0.011418
91601	520.086879	0.001344
91701	1098.529534	0.000637
91801	1216.019352	0.000576
91901	80.419656	0.008719
92001	104.691779	0.006705
92101	246.134516	0.002855
92201	230.892335	0.003047
92301	729.202179	0.000966
92401	174.877529	0.004031
92501	92.852268	0.007601
92601	145.326206	0.004861
92701	288.795850	0.002449
92801	158.630994	0.004463
92901	1312.559542	0.000540
93001	177.826164	0.003990
93101	78.687337	0.009027
93201	149.597932	0.004753
93301	235.720814	0.003020
93401	110.079906	0.006473
93501	646.627646	0.001103
93601	277.951957	0.002569
93701	153.788741	0.004648
93801	232.274176	0.003081
93901	107.207301	0.006682
94001	64.261597	0.011160
94101	75.156454	0.009553
94201	103.844758	0.006921
94301	597.013127	0.001205
94401	91.503245	0.007871
94501	750.004303	0.000961
94601	54.872985	0.013153
94701	242.145348	0.002984
94801	535.965548	0.001349
94901	1034.935411	0.000700
95001	109.516957	0.006618
95101	485.930378	0.001493
95201	128.357272	0.005659
95301	158.353820	0.004592
95401	110.399091	0.006593
95501	524.185821	0.001390
95601	1141.419630	0.000639
95701	150.427609	0.004854
95801	629.962391	0.001160
95901	125.236385	0.005842
96001	264.656245	0.002767
96101	1852.741229	0.000396
96201	1614.756319	0.000455
96301	188.895615	0.003890
96401	46.842495	0.015701
96501	76.783209	0.009589
96601	152.544276	0.004831
96701	386.487054	0.001909
96801	479.206790	0.001541
96901	522.915891	0.001414
97001	234.892542	0.003151
97101	164.431762	0.004505
97201	53.179504	0.013945
97301	592.220784	0.001253
97401	250.274649	0.002969
97501	60.416112	0.012313
97601	118.391770	0.006290
97701	151.878343	0.004908
97801	287.572100	0.002595
97901	118.052463	0.006327
98001	138.050903	0.005416
98101	123.527724	0.006059
98201	231.964623	0.003230
98301	79.299997	0.009457
98401	1300.633846	0.000577
98501	1495.329537	0.000503
98601	1914.514455	0.000393
98701	115.017901	0.006547
98801	170.015510	0.004434
98901	96.680800	0.007805
99001	119.840365	0.006303
99101	255.158866	0.002963
99201	897.358505	0.000843
99301	105.693715	0.007168
99401	1329.258286	0.000571
99501	186.024880	0.004081
99601	139.481436	0.005448
99701	240.498184	0.003163
99801	1175.142000	0.000648
99901	246.762850	0.003089
100001	744.525238	0.001025
100101	82.180685	0.009293
100201	90.335547	0.008463
100301	783.406939	0.000977
100401	1074.144756	0.000713
100501	190.147704	0.004032
100601	201.685780	0.003806
100701	223.821165	0.003433
100801	859.971904	0.000894
100901	69.004151	0.011156
101001	133.852262	0.005757
101101	166.030381	0.004646
101201	88.872925	0.008688
101301	500.135175	0.001545
101401	84.681673	0.009136
101501	181.962278	0.004256
101601	81.440229	0.009518
101701	235.601760	0.003293
101801	866.412192	0.000896
101901	86.930491	0.008943
102001	252.393568	0.003083
102101	1990.514940	0.000391
102201	123.430914	0.006317
102301	336.966481	0.002316
102401	717.982310	0.001088
102501	614.841332	0.001272
102601	160.222810	0.004886
102701	111.758596	0.007011
102801	169.080083	0.004639
102901	158.324112	0.004959
103001	322.592114	0.002436
103101	192.986721	0.004076
103201	228.005216	0.003453
103301	217.928397	0.003616
103401	1027.644301	0.000768
103501	267.620787	0.002951
103601	910.648047	0.000868
103701	260.190258	0.003041
103801	148.079139	0.005348
103901	1028.280958	0.000771
104001	1124.906674	0.000705
104101	232.670108	0.003414
104201	79.112622	0.010049
104301	163.116632	0.004878
104401	190.604080	0.004179
104501	111.615820	0.007143
104601	93.039578	0.008577
104701	121.898156	0.006553
104801	818.196002	0.000977
104901	1801.660863	0.000444
105001	1844.148849	0.000434
105101	282.564665	0.002838
105201	270.735073	0.002965
105301	776.603028	0.001034
105401	1134.777721	0.000709
105501	260.434127	0.003091
105601	955.667798	0.000843
105701	254.967821	0.003163
105801	1936.278431	0.000417
105901	2216.062931	0.000365
106001	64.308513	0.012576
106101	156.826804	0.005162
106201	144.862436	0.005593
106301	195.924611	0.004139
106401	239.897470	0.003384
106501	229.779160	0.003536
106601	1181.339893	0.000688
106701	241.207062	0.003375
106801	245.742835	0.003316
106901	1258.893636	0.000648
107001	246.837505	0.003307
107101	1292.051419	0.000632
107201	179.753650	0.004550
107301	383.227798	0.002136
107401	662.980126	0.001236
107501	528.887021	0.001551
107601	106.657404	0.007697
107701	129.036176	0.006368
107801	95.940455	0.008573
107901	475.783827	0.001730
108001	758.543751	0.001086
108101	320.891704	0.002570
108201	681.097440	0.001212
108301	209.271470	0.003948
108401	196.953152	0.004199
108501	1638.845581	0.000505
108601	1625.077777	0.000510
108701	236.312479	0.003509
108801	930.777657	0.000892
108901	514.850355	0.001614
109001	461.730720	0.001801
109101	1280.646333	0.000650
109201	118.294312	0.007043
109301	201.493590	0.004139
109401	165.296149	0.005050
109501	151.005555	0.005532
109601	215.286529	0.003884
109701	1282.452983	0.000653
109801	989.562219	0.000847
109901	254.924258	0.003289
110001	1171.183106	0.000717
110101	157.207530	0.005343
110201	163.226411	0.005151
110301	231.509008	0.003635
110401	162.779774	0.005174
110501	353.240439	0.002387
110601	153.996876	0.005479
110701	99.420145	0.008495
110801	165.509917	0.005108
110901	153.310614	0.005519
111001	692.252879	0.001223
111101	309.568800	0.002738
111201	616.694490	0.001376
111301	1840.398915	0.000461
111401	132.139660	0.006432
111501	142.010021	0.005990
111601	203.162382	0.004191
111701	159.736747	0.005335
111801	1674.515593	0.000509
111901	1329.341063	0.000642
112001	93.394163	0.009149
112101	659.796429	0.001296
112201	431.268756	0.001985
112301	663.114652	0.001292
112401	363.922614	0.002356
112501	1354.509394	0.000634
112601	1199.350924	0.000716
112701	284.636828	0.003021
112801	1724.136835	0.000499
112901	417.735880	0.002062
113001	560.079012	0.001539
113101	91.381627	0.009443
113201	94.698645	0.009120
113301	1485.661451	0.000582
113401	115.253040	0.007507
113501	316.076825	0.002740
113601	348.695339	0.002486
113701	249.569847	0.003476
113801	262.618333	0.003306
113901	152.477301	0.005699
114001	487.675143	0.001783
114101	79.962095	0.010887
114201	147.391405	0.005911
114301	491.824946	0.001773
114401	99.292025	0.008790
114501	110.491450	0.007906
114601	850.383422	0.001028
114701	66.869519	0.013087
114801	171.543413	0.005106
114901	920.209537	0.000953
115001	1931.460468	0.000454
115101	281.837592	0.003116
115201	178.816937	0.004915
115301	56.229298	0.015644
115401	54.879783	0.016043
115501	186.911140	0.004715
115601	176.421326	0.004999
115701	1063.451098	0.000830
115801	296.356883	0.002981
115901	1972.514529	0.000448
116001	264.933026	0.003341
116101	195.689498	0.004526
116201	269.302071	0.003292
116301	1694.355500	0.000524
116401	1680.709032	0.000528
116501	260.676901	0.003410
116601	281.864461	0.003156
116701	1949.609864	0.000457
116801	231.087457	0.003856
116901	1164.639049	0.000766
117001	198.263442	0.004502
117101	169.549453	0.005269
117201	196.953964	0.004540
117301	196.095795	0.004564
117401	129.762476	0.006903
117501	138.513799	0.006472
117601	82.151496	0.010922
117701	123.351009	0.007280
117801	147.833892	0.006079
117901	75.385554	0.011932
118001	737.804587	0.001220
118101	84.410466	0.010674
118201	186.175983	0.004844
118301	221.036341	0.004083
118401	216.062962	0.004181
118501	97.784157	0.009246
118601	305.576446	0.002961
118701	1159.899197	0.000781
118801	99.102679	0.009146
118901	173.399543	0.005232
119001	206.889765	0.004388
119101	183.472985	0.004953
119201	294.665304	0.003086
119301	1562.132437	0.000583
119401	300.278393	0.003034
119501	90.813088	0.010040
119601	442.609072	0.002062
119701	335.852166	0.002719
119801	239.677894	0.003813
119901	125.483131	0.007290
120001	219.493039	0.004171
120101	257.463393	0.003559
120201	228.518932	0.004013
120301	240.649472	0.003814
120401	318.036905	0.002888
120501	177.479615	0.005180
120601	103.621951	0.008880
120701	234.570590	0.003926
120801	239.377820	0.003850
120901	180.857619	0.005100
121001	323.567306	0.002853
121101	405.687626	0.002277
121201	115.794539	0.007986
121301	2065.178466	0.000448
121401	1183.886082	0.000782
121501	1019.535374	0.000909
121601	573.418921	0.001618
121701	156.404327	0.005937
121801	100.985050	0.009202
121901	128.529230	0.007236
122001	129.842685	0.007169
122101	166.649766	0.005590
122201	1840.455342	0.000507
122301	606.574729	0.001538
122401	688.515579	0.001356
122501	183.474586	0.005094
122601	104.629247	0.008940
122701	158.206626	0.005917
122801	1343.445990	0.000697
122901	194.584064	0.004819
123001	97.696782	0.009605
123101	347.161197	0.002705
123201	234.946166	0.004001
123301	1141.337937	0.000824
123401	111.333824	0.008456
123501	300.149580	0.003139
123601	193.518351	0.004873
123701	108.698224	0.008682
123801	147.561929	0.006401
123901	359.394018	0.002630
124001	93.004004	0.010172
124101	274.013784	0.003455
124201	214.627601	0.004415
124301	73.616499	0.012882
124401	339.906026	0.002792
124501	177.124147	0.005363
124601	1218.916195	0.000780
124701	240.760032	0.003952
124801	175.242359	0.005433
124901	714.878386	0.001333
125001	296.962837	0.003211
125101	146.189954	0.006529
125201	360.663890	0.002648
125301	109.330377	0.008744
125401	141.226486	0.006774
125501	1210.994661	0.000791
125601	261.911935	0.003659
125701	113.742890	0.008431
125801	249.299178	0.003850
125901	230.980847	0.004159
126001	160.913342	0.005974
126101	71.218598	0.013509
126201	90.291781	0.010664
126301	1644.608576	0.000586
126401	249.387144	0.003867
126501	285.026337	0.003386
126601	1086.335061	0.000889
126701	109.636747	0.008817
126801	485.182563	0.001994
126901	278.502768	0.003476
127001	1894.255182	0.000512
127101	1935.988487	0.000501
127201	273.742697	0.003545
127301	165.345752	0.005874
127401	201.165529	0.004832
127501	1480.364493	0.000657
127601	539.046643	0.001806
127701	685.546350	0.001421
127801	1716.846369	0.000568
127901	1399.335423	0.000697
128001	122.750459	0.007956
128101	1698.986087	0.000575
128201	1551.118218	0.000631
128301	293.346106	0.003337
128401	291.508241	0.003361
128501	946.456110	0.001036
128601	131.560287	0.007458
128701	120.273419	0.008164
128801	157.414707	0.006243
128901	100.416173	0.009794
129001	122.315620	0.008046
129101	94.247008	0.010451
129201	166.169167	0.005932
129301	196.148413	0.005029
129401	70.264474	0.014051
129501	150.120102	0.006581
129601	160.605837	0.006157
129701	256.148952	0.003863
129801	89.453693	0.011071
129901	251.887738	0.003935
130001	775.912474	0.001278
130101	140.873200	0.007046
130201	78.808225	0.012605
130301	1308.742137	0.000760
130401	300.131120	0.003315
130501	129.977291	0.007660
130601	242.085710	0.004116
130701	1541.923738	0.000647
130801	238.882581	0.004178
130901	100.908209	0.009897
131001	190.489292	0.005247
131101	80.339959	0.012450
131201	736.513263	0.001359
131301	293.486912	0.003413
131401	1188.530251	0.000843
131501	309.402432	0.003243
131601	228.173690	0.004400
131701	300.714620	0.003341
131801	149.100632	0.006744
131901	754.117416	0.001334
132001	86.817182	0.011600
132101	109.137633	0.009235
132201	66.816036	0.015095
132301	125.170181	0.008064
132401	140.263205	0.007202
132501	84.432222	0.011973
132601	325.461284	0.003108
132701	148.951414	0.006797
132801	1220.102015	0.000830
132901	54.222827	0.018700
133001	87.905720	0.011543
133101	246.271838	0.004123
133201	246.569805	0.004122
133301	73.385910	0.013858
133401	237.180238	0.004291
133501	66.600267	0.015293
133601	267.296037	0.003813
133701	260.418976	0.003917
133801	233.768790	0.004367
133901	75.315424	0.013564
134001	108.995441	0.009380
134101	263.821538	0.003878
134201	248.027895	0.004128
134301	73.585779	0.013924
134401	143.825672	0.007129
134501	300.770190	0.003412
134601	79.153883	0.012974
134701	271.672682	0.003783
134801	109.375090	0.009403
134901	63.423899	0.016228
135001	99.256145	0.010377
135101	59.588569	0.017298
135201	121.235451	0.008508
135301	121.414897	0.008502
135401	62.606454	0.016500
135501	87.782125	0.011777
135601	290.999523	0.003555
135701	268.071816	0.003862
135801	1021.471257	0.001014
135901	141.320258	0.007337
136001	140.930586	0.007363
136101	129.724975	0.008004
136201	279.488774	0.003718
136301	304.046296	0.003420
136401	95.815700	0.010861
136501	92.076178	0.011310
136601	175.123074	0.005951
136701	214.729106	0.004857
136801	92.559964	0.011276
136901	81.331969	0.012842
137001	95.671477	0.010925
137101	103.886428	0.010069
137201	233.499777	0.004483
137301	74.041008	0.014148
137401	118.270439	0.008863
137501	187.581991	0.005592
137601	253.920762	0.004134
137701	108.510550	0.009682
137801	61.300432	0.017151
137901	111.723740	0.009417
138001	125.231534	0.008407
138101	111.883291	0.009417
138201	82.677607	0.012753
138301	34.719475	0.030391
138401	152.510399	0.006924
138501	145.405703	0.007267
138601	150.664696	0.007019
138701	263.817033	0.004011
138801	205.258130	0.005159
138901	115.849932	0.009147
139001	64.339807	0.016483
139101	86.375356	0.012287
139201	118.256965	0.008981
139301	60.278902	0.017631
139401	173.975855	0.006113
139501	246.745294	0.004313
139601	42.438153	0.025097
139701	58.277147	0.018289
139801	117.519668	0.009076
139901	258.779542	0.004125
140001	55.271669	0.019325
140101	102.554471	0.010423
140201	255.682052	0.004184
140301	240.984168	0.004442
140401	82.323995	0.013012
140501	257.008563	0.004171
140601	282.864554	0.003792
140701	126.717628	0.008471
140801	68.253255	0.015739
140901	369.866595	0.002906
141001	455.260442	0.002363
141101	81.736774	0.013171
141201	93.628294	0.011506
141301	859.142550	0.001255
141401	85.779803	0.012576
141501	234.411254	0.004605
141601	155.242457	0.006959
141701	88.111466	0.012270
141801	90.383107	0.011970
141901	116.959948	0.009256
142001	101.798319	0.010642
142101	162.315807	0.006679
142201	108.697964	0.009981
142301	259.456509	0.004184
142401	144.993106	0.007493
142501	74.198151	0.014653
142601	100.584155	0.010816
142701	105.173470	0.010352
142801	82.713421	0.013172
142901	75.038734	0.014529
143001	141.859552	0.007691
143101	142.519102	0.007661
143201	48.751104	0.022411
143301	344.812261	0.003171
143401	95.294334	0.011481
143501	82.347573	0.013295
143601	50.456492	0.021714
143701	121.848709	0.008998
143801	84.392743	0.013000
143901	166.898690	0.006578
144001	118.079093	0.009304
144101	53.560734	0.020526
144201	1547.544122	0.000711
144301	112.431239	0.009792
144401	149.439078	0.007372
144501	138.175523	0.007979
144601	42.722126	0.025823
144701	91.243923	0.012099
144801	124.196547	0.008895
144901	98.208788	0.011257
145001	332.978874	0.003322
145101	204.225119	0.005421
145201	259.938832	0.004262
145301	138.111257	0.008027
145401	110.759608	0.010016
145501	143.149397	0.007755
145601	292.968933	0.003792
145701	167.150673	0.006650
145801	62.616423	0.017765
145901	51.877332	0.021457
146001	147.546392	0.007549
146101	144.513364	0.007713
146201	59.005256	0.018904
146301	261.258278	0.004272
146401	295.731117	0.003777
146501	191.240642	0.005845
146601	145.288798	0.007698
146701	158.490961	0.007062
146801	67.853478	0.016506
146901	93.370074	0.012003
147001	60.763503	0.018457
147101	140.489865	0.007988
147201	240.253659	0.004674
147301	103.929783	0.010813
147401	99.147624	0.011342
147501	86.598948	0.012995
147601	75.068465	0.015001
147701	344.186632	0.003274
147801	79.180064	0.014241
147901	98.317177	0.011477
148001	153.306292	0.007365
148101	312.594675	0.003615
148201	76.425118	0.014795
148301	106.443339	0.010630
148401	60.280070	0.018782
148501	62.997251	0.017984
148601	98.631958	0.011495
148701	54.705011	0.020738
148801	66.033220	0.017192
148901	146.180266	0.007771
149001	155.132680	0.007328
149101	81.811996	0.013904
149201	272.753331	0.004173
149301	104.668569	0.010883
149401	455.289217	0.002504
149501	552.165501	0.002066
149601	156.428287	0.007296
149701	138.815458	0.008228
149801	53.565136	0.021336
149901	156.433074	0.007311
150001	115.908347	0.009873
150101	287.976970	0.003977
150201	176.463076	0.006494
150301	262.345818	0.004371
150401	102.600151	0.011184
150501	264.344583	0.004344
150601	120.556648	0.009531
150701	134.625739	0.008540
150801	89.663927	0.012831
150901	70.297769	0.016377
151001	58.008445	0.019860
151101	87.930505	0.013110
151201	59.571510	0.019364
151301	151.288156	0.007630
151401	80.259316	0.014392
151501	93.885512	0.012311
151601	270.510750	0.004276
151701	72.626888	0.015936
151801	73.906412	0.015670
151901	145.710074	0.007954
152001	101.074470	0.011473
152101	62.472970	0.018575
152201	90.134253	0.012883
152301	53.050773	0.021903
152401	83.409496	0.013940
152501	168.999482	0.006885
152601	87.982007	0.013233
152701	498.597624	0.002337
152801	583.700260	0.001997
152901	79.376953	0.014696
153001	114.362308	0.010207
153101	80.398669	0.014528
153201	65.607248	0.017816
153301	216.192070	0.005410
153401	106.126717	0.011028
153501	125.738004	0.009314
153601	265.613092	0.004412
153701	283.903765	0.004130
153801	120.704646	0.009721
153901	77.930286	0.015067
154001	67.599073	0.017381
154101	56.445997	0.020829
154201	174.367066	0.006747
154301	907.272153	0.001298
154401	95.352251	0.012354
154501	100.203911	0.011764
154601	91.947984	0.012828
154701	157.288084	0.007504
154801	48.117547	0.024545
154901	194.557729	0.006074
155001	202.115516	0.005851
155101	150.632499	0.007856
155201	170.184531	0.006958
155301	73.747209	0.016066
155401	198.333573	0.005978
155501	302.288296	0.003925
155601	280.289263	0.004235
155701	130.715281	0.009088
155801	280.817115	0.004233
155901	323.872456	0.003673
156001	245.977018	0.004839
156101	111.620005	0.010670
156201	222.113644	0.005365
156301	265.701639	0.004488
156401	62.149869	0.019199
156501	114.663858	0.010413
156601	314.553289	0.003798
156701	109.006943	0.010968
156801	168.866836	0.007084
156901	117.796744	0.010162
157001	134.939567	0.008877
157101	92.526490	0.012954
157201	294.671323	0.004070
157301	84.381406	0.014222
157401	111.841210	0.010737
157501	134.093772	0.008961
157601	62.743461	0.019164
157701	182.299891	0.006600
157801	91.141163	0.013209
157901	51.906967	0.023209
158001	119.650236	0.010075
158101	81.693966	0.014765
158201	83.267405	0.014495
158301	71.913454	0.016794
158401	91.622466	0.013190
158501	262.941093	0.004599
158601	89.920996	0.013457
158701	213.666726	0.005667
158801	80.653999	0.015022
158901	167.568055	0.007235
159001	313.187055	0.003873
159101	126.698999	0.009581
159201	72.783434	0.016688
159301	118.360756	0.010268
159401	169.887333	0.007158
159501	136.253233	0.008931
159601	141.356587	0.008614
159701	58.867099	0.020698
159801	514.902349	0.002368
159901	58.247359	0.020944
160001	97.252503	0.012552
160101	162.992991	0.007494
160201	73.023850	0.016737
160301	119.515340	0.010233
160401	152.872051	0.008005
160501	70.801219	0.017295
160601	97.734605	0.012537
160701	276.247562	0.004438
160801	115.722568	0.010601
160901	335.194732	0.003662
161001	283.119090	0.004339
161101	149.000830	0.008249
161201	163.017032	0.007544
161301	106.712911	0.011532
161401	85.585608	0.014388
161501	154.824532	0.007958
161601	253.551482	0.004863
161701	171.488366	0.007194
161801	274.082386	0.004504
161901	166.168916	0.007433
162001	167.718201	0.007369
162101	157.343724	0.007860
162201	68.859413	0.017971
162301	83.123722	0.014897
162401	370.856884	0.003341
162501	59.336042	0.020894
162601	77.578672	0.015991
162701	138.941604	0.008934
162801	101.518210	0.012235
162901	660.408751	0.001882
163001	338.724555	0.003671
163101	51.573687	0.024128
163201	108.972022	0.011426
163301	58.908368	0.021150
163401	76.241688	0.016351
163501	69.859190	0.017856
163601	74.379016	0.016781
163701	106.162243	0.011764
163801	97.393079	0.012832
163901	87.343324	0.014317
164001	79.175672	0.015803
164101	238.058499	0.005259
164201	94.720861	0.013226
164301	335.244314	0.003739
164401	55.338366	0.022666
164501	140.887045	0.008908
164601	315.949700	0.003975
164701	148.127126	0.008483
164801	187.043243	0.006722
164901	92.151467	0.013652
165001	263.182778	0.004783
165101	69.489081	0.018127
165201	91.042276	0.013844
165301	114.427809	0.011021
165401	84.868137	0.014869
165501	169.029701	0.007470
165601	257.325857	0.004910
165701	184.896870	0.006837
165801	302.890718	0.004176
165901	54.098365	0.023397
166001	133.544856	0.009484
166101	1621.486272	0.000782
166201	358.220460	0.003540
166301	160.908018	0.007885
166401	143.548687	0.008844
166501	243.573027	0.005215
166601	203.806876	0.006237
166701	287.478533	0.004424
166801	238.030222	0.005346
166901	113.017051	0.011267
167001	107.180519	0.011888
167101	87.002872	0.014653
167201	157.982002	0.008075
167301	95.976047	0.013299
167401	100.923494	0.012655
167501	175.193239	0.007294
167601	95.519864	0.013387
167701	141.653576	0.009032
167801	64.931793	0.019716
167901	323.352533	0.003962
168001	319.035925	0.004018
168101	349.706778	0.003667
168201	1248.370428	0.001028
168301	119.221424	0.010770
168401	72.647951	0.017685
168501	90.408080	0.014220
168601	166.498017	0.007726
168701	106.898949	0.012040
168801	104.206570	0.012359
168901	86.932589	0.014823
169001	77.510523	0.016635
169101	159.129878	0.008107
169201	164.834192	0.007832
169301	152.942660	0.008445
169401	165.301554	0.007819
169501	366.272827	0.003531
169601	328.717081	0.003936
169701	116.404704	0.011123
169801	71.793887	0.018044
169901	120.380745	0.010768
170001	64.716158	0.020041
170101	208.487579	0.006225
170201	106.876261	0.012150
170301	124.593671	0.010428
170401	143.027256	0.009090
170501	133.895317	0.009715
170601	850.973654	0.001530
170701	373.115596	0.003490
170801	77.326276	0.016852
170901	124.413244	0.010480
171001	95.203448	0.013704
171101	76.807553	0.016996
171201	193.841843	0.006738
171301	126.583998	0.010325
171401	265.234556	0.004930
171501	321.040693	0.004076
171601	321.479601	0.004072
171701	117.683400	0.011131
171801	167.861010	0.007808
171901	76.612611	0.017119
172001	201.651529	0.006508
172101	98.400381	0.013344
172201	99.236121	0.013239
172301	144.221193	0.009115
172401	106.420852	0.012360
172501	168.250688	0.007822
172601	296.077837	0.004448
172701	176.073554	0.007483
172801	167.031550	0.007893
172901	118.307147	0.011150
173001	341.422224	0.003866
173101	160.261722	0.008241
173201	145.150171	0.009104
173301	1031.808102	0.001281
173401	96.182824	0.013754
173501	96.986881	0.013648
173601	126.837669	0.010442
173701	146.800703	0.009027
173801	84.408151	0.015709
173901	76.330023	0.017382
174001	357.238392	0.003716
174101	347.925384	0.003818
174201	195.675556	0.006792
174301	127.437836	0.010435
174401	180.699727	0.007363
174501	179.436613	0.007420
174601	152.778432	0.008719
174701	101.710590	0.013104
174801	148.047902	0.009008
174901	130.101137	0.010257
175001	93.993245	0.014205
175101	238.335312	0.005605
175201	633.049469	0.002111
175301	663.969971	0.002014
175401	282.638118	0.004735
175501	280.708259	0.004770
175601	1246.087053	0.001075
175701	56.772642	0.023612
175801	382.889371	0.003503
175901	122.139091	0.010988
176001	185.039925	0.007257
176101	128.894971	0.010424
176201	115.944491	0.011594
176301	101.537351	0.013247
176401	284.894036	0.004724
176501	174.090866	0.007735
176601	186.967989	0.007206
176701	298.044370	0.004523
176801	193.313183	0.006978
176901	286.857676	0.004705
177001	188.888268	0.007149
177101	198.483028	0.006808
177201	266.134981	0.005080
177301	311.772852	0.004339
177401	176.596550	0.007664
177501	189.605353	0.007142
177601	340.166730	0.003983
177701	325.223905	0.004169
177801	195.273588	0.006947
177901	283.381521	0.004790
178001	188.085937	0.007220
178101	256.788130	0.005292
178201	99.395289	0.013678
178301	1000.873867	0.001359
178401	63.113478	0.021566
178501	77.105869	0.017662
178601	75.175934	0.018126
178701	119.087850	0.011449
178801	105.966933	0.012873
178901	78.421622	0.017405
179001	173.783290	0.007858
179101	410.226560	0.003331
179201	1410.931818	0.000969
179301	245.460377	0.005573
179401	223.699391	0.006119
179501	66.287624	0.020660
179601	362.228233	0.003783
179701	1113.571267	0.001231
179801	62.541253	0.021934
179901	280.545312	0.004892
180001	102.666822	0.013376
180101	144.379916	0.009517
180201	98.647172	0.013937
180301	124.469411	0.011052
180401	90.450121	0.015217
180501	187.660171	0.007338
180601	391.555277	0.003519
180701	227.052620	0.006072
180801	101.765541	0.013555
180901	89.311796	0.015453
181001	167.442416	0.008247
181101	149.524635	0.009241
181201	103.671311	0.013335
181301	153.561522	0.009008
181401	100.728695	0.013740
181501	103.078904	0.013434
181601	230.028926	0.006023
181701	153.443852	0.009034
181801	200.022535	0.006934
181901	347.572948	0.003993
182001	77.705422	0.017870
182101	382.633962	0.003631
182201	170.501617	0.008153
182301	122.497491	0.011354
182401	77.705184	0.017909
182501	62.940492	0.022122
182601	94.164408	0.014795
182701	112.173252	0.012426
182801	77.151744	0.018077
182901	125.304699	0.011136
183001	207.257646	0.006736
183101	85.582502	0.016323
183201	122.598313	0.011401
183301	121.487565	0.011511
183401	350.306955	0.003994
183501	317.593560	0.004408
183601	382.198339	0.003665
183701	125.198001	0.011194
183801	369.643341	0.003794
183901	122.130750	0.011488
184001	114.356627	0.012276
184101	77.063380	0.018226
184201	190.407597	0.007381
184301	116.697824	0.012049
184401	79.417363	0.017715
184501	237.765903	0.005920
184601	98.293116	0.014329
184701	321.294946	0.004386
184801	85.315182	0.016526
184901	58.352293	0.024175
185001	74.940782	0.018834
185101	189.934678	0.007435
185201	170.895405	0.008268
185301	138.619934	0.010199
185401	174.291552	0.008116
185501	172.863402	0.008187
185601	176.113641	0.008040
185701	133.348135	0.010625
185801	102.169093	0.013875
185901	165.200726	0.008585
186001	176.652990	0.008033
186101	121.068994	0.011728
186201	129.187247	0.010996
186301	121.081531	0.011739
186401	116.525491	0.012204
186501	174.314547	0.008163
186601	175.089266	0.008131
186701	233.251022	0.006107
186801	1187.188718	0.001200
186901	423.898210	0.003364
187001	432.074513	0.003302
187101	1399.341283	0.001020
187201	443.304969	0.003222
187301	452.692975	0.003157
187401	1628.374342	0.000878
187501	453.043766	0.003158
187601	1576.653664	0.000908
187701	463.001806	0.003093
187801	1594.491438	0.000899
187901	441.846004	0.003245
188001	1422.359167	0.001008
188101	443.909273	0.003233
188201	444.743083	0.003229
188301	1578.413885	0.000910
188401	452.340752	0.003178
188501	1814.581980	0.000793
188601	508.108635	0.002832
188701	2251.769436	0.000639
188801	2034.915391	0.000708
188901	507.295989	0.002841
189001	2122.851168	0.000679
189101	505.542570	0.002854
189201	1535.861493	0.000940
189301	445.021899	0.003245
189401	1482.528667	0.000975
189501	441.353719	0.003276
189601	456.227880	0.003171
189701	2059.891549	0.000703
189801	2110.266716	0.000686
189901	504.464698	0.002872
190001	2352.596139	0.000616
190101	2460.516104	0.000589
190201	526.852801	0.002754
190301	2550.213957	0.000569
190401	2613.520963	0.000556
190501	411.058928	0.003536
190601	467.751081	0.003109
190701	2384.635780	0.000610
190801	618.246727	0.002355
190901	1095.976164	0.001329
191001	473.983999	0.003074
191101	1608.778758	0.000906
191201	493.035897	0.002959
191301	2397.375192	0.000609
191401	2460.663600	0.000593
191501	512.761943	0.002849
191601	2424.866373	0.000603
191701	2453.872489	0.000596
191801	519.429609	0.002817
191901	2530.290422	0.000579
192001	2435.644429	0.000601
192101	518.096144	0.002829
192201	2425.183839	0.000605
192301	2322.145821	0.000632
192401	526.703795	0.002787
192501	2476.941272	0.000593
192601	560.075834	0.002624
192701	1877.813666	0.000783
192801	2458.520027	0.000598
192901	526.426596	0.002796
193001	2647.701219	0.000556
193101	2532.089059	0.000582
193201	526.149295	0.002801
193301	2223.816334	0.000663
193401	2145.024711	0.000688
193501	530.817432	0.002781
193601	2550.228401	0.000579
193701	2467.607325	0.000599
193801	508.944755	0.002905
193901	2509.942186	0.000589
194001	520.158180	0.002846
194101	2583.138416	0.000573
194201	2583.728403	0.000573
194301	512.276586	0.002894
194401	2463.463367	0.000602
194501	2463.920652	0.000602
194601	517.369156	0.002870
194701	2349.226065	0.000632
194801	4297.146452	0.000346
194901	562.729981	0.002642
195001	387.505823	0.003839
195101	240.485180	0.006190
195201	107.489812	0.013855
195301	99.288065	0.015007
195401	330.511901	0.004511
195501	128.960453	0.011566
195601	178.904975	0.008341
195701	189.997886	0.007858
195801	138.382971	0.010795
195901	174.138398	0.008583
196001	134.929386	0.011083
196101	170.100634	0.008796
196201	131.437289	0.011389
196301	133.304524	0.011235

===================================================================================
=   BAD TERMINATION OF ONE OF YOUR APPLICATION PROCESSES
=   PID 2046 RUNNING AT vnode-05.dydaktyka.icsr.agh.edu.pl
=   EXIT CODE: 9
=   CLEANING UP REMAINING PROCESSES
=   YOU CAN IGNORE THE BELOW CLEANUP MESSAGES
===================================================================================
