1	0.001737	0.004391
101	2.860004	0.000269
201	0.569536	0.002693
301	0.241869	0.009495
401	0.705656	0.004336
501	4.482507	0.000853
601	0.912856	0.005023
701	0.641475	0.008337
801	11.686652	0.000523
901	4.430159	0.001552
1001	1.602076	0.004767
1101	5.478963	0.001533
1201	1.825979	0.005018
1301	19.508404	0.000509
1401	2.905598	0.003679
1501	4.846955	0.002363
1601	5.514853	0.002215
1701	7.002068	0.001853
1801	6.899922	0.001991
1901	54.894109	0.000264
2001	48.423327	0.000315
2101	17.469796	0.000918
2201	4.122604	0.004073
2301	5.674895	0.003093
2401	12.358353	0.001482
2501	8.580685	0.002224
2601	10.202891	0.001945
2701	22.979606	0.000897
2801	30.798997	0.000694
2901	11.626239	0.001904
3001	40.729041	0.000562
3101	28.605732	0.000827
3201	2.359369	0.010351
3301	13.341618	0.001888
3401	3.494202	0.007426
3501	5.591176	0.004777
3601	102.804502	0.000267
3701	10.231894	0.002760
3801	89.235887	0.000325
3901	94.242976	0.000316
4001	97.861288	0.000312
4101	100.332822	0.000312
4201	6.786970	0.004722
4301	99.822057	0.000329
4401	11.355078	0.002957
4501	5.235948	0.006558
4601	2.901602	0.012098
4701	7.486215	0.004791
4801	63.660836	0.000575
4901	64.500880	0.000580
5001	13.374174	0.002853
5101	4.539906	0.008572
5201	3.880786	0.010225
5301	51.928267	0.000779
5401	43.317817	0.000951
5501	16.347353	0.002567
5601	13.547194	0.003154
5701	21.697648	0.002005
5801	9.215531	0.004803
5901	99.918959	0.000451
6001	100.993272	0.000453
6101	102.518886	0.000454
6201	28.078644	0.001685
6301	57.915754	0.000830
6401	151.786919	0.000322
6501	131.854405	0.000376
6601	87.969663	0.000572
6701	14.334770	0.003566
6801	133.663752	0.000388
6901	25.519892	0.002063
7001	100.855510	0.000530
7101	122.930117	0.000441
7201	93.946779	0.000585
7301	22.666300	0.002457
7401	9.428156	0.005989
7501	18.225027	0.003140
7601	210.914323	0.000275
7701	14.712749	0.003993
7801	153.495162	0.000388
7901	12.822396	0.004701
8001	26.261591	0.002324
8101	166.891051	0.000370
8201	10.706718	0.005844
8301	12.872662	0.004920
8401	6.685030	0.009588
8501	28.713467	0.002259
8601	44.150670	0.001486
8701	19.365670	0.003428
8801	174.847803	0.000384
8901	194.498994	0.000349
9001	14.049557	0.004888
9101	6.355331	0.010925
9201	81.037710	0.000866
9301	190.145308	0.000373
9401	26.463500	0.002710
9501	105.078246	0.000690
9601	228.913928	0.000320
9701	234.699302	0.000315
9801	27.717265	0.002698
9901	14.027240	0.005385
10001	9.410121	0.008108
10101	20.938087	0.003681
10201	30.969395	0.002513
10301	49.323956	0.001593
10401	96.844764	0.000819
10501	14.209251	0.005638
10601	7.873741	0.010272
10701	35.972626	0.002270
10801	52.794597	0.001561
10901	11.539104	0.007207
11001	84.781381	0.000990
11101	39.102541	0.002166
11201	259.548561	0.000329
11301	230.252921	0.000374
11401	272.052921	0.000320
11501	81.395329	0.001078
11601	8.897042	0.009948
11701	98.284076	0.000908
11801	156.105118	0.000577
11901	141.278937	0.000643
12001	140.405973	0.000652
12101	68.324540	0.001351
12201	58.108596	0.001602
12301	130.878528	0.000717
12401	73.063765	0.001295
12501	30.447574	0.003132
12601	9.402234	0.010225
12701	242.941999	0.000399
12801	60.216443	0.001622
12901	9.633620	0.010217
13001	8.121443	0.012213
13101	38.652900	0.002586
13201	57.866824	0.001740
13301	21.940059	0.004625
13401	36.791381	0.002779
13501	232.301857	0.000443
13601	64.879449	0.001599
13701	204.308093	0.000512
13801	163.657855	0.000643
13901	138.578633	0.000765
14001	42.536842	0.002511
14101	104.233285	0.001032
14201	34.644755	0.003127
14301	106.149776	0.001028
14401	31.002447	0.003544
14501	38.518388	0.002872
14601	144.913859	0.000769
14701	31.241881	0.003590
14801	29.260249	0.003859
14901	12.498690	0.009096
15001	27.897446	0.004102
15101	73.091106	0.001576
15201	45.866528	0.002529
15301	24.936806	0.004681
15401	30.788188	0.003816
15501	114.937376	0.001029
15601	13.094006	0.009090
15701	54.065300	0.002216
15801	208.876637	0.000577
15901	211.869363	0.000573
16001	137.263788	0.000889
16101	25.175930	0.004879
16201	66.804330	0.001850
16301	83.862533	0.001483
16401	242.834833	0.000515
16501	217.186794	0.000580
16601	115.054155	0.001101
16701	20.663030	0.006166
16801	49.692851	0.002579
16901	27.738708	0.004649
17001	34.314145	0.003780
17101	23.861248	0.005468
17201	21.782824	0.006025
17301	38.082612	0.003466
17401	119.023468	0.001115
17501	17.961256	0.007434
17601	24.574819	0.005464
17701	58.646339	0.002303
17801	69.850042	0.001944
17901	36.303531	0.003762
18001	33.592176	0.004088
18101	22.094209	0.006250
18201	156.590927	0.000887
18301	28.401893	0.004916
18401	26.434240	0.005311
18501	25.662853	0.005500
18601	45.268025	0.003135
18701	54.732343	0.002607
18801	36.739956	0.003904
18901	39.200802	0.003679
19001	44.362374	0.003268
19101	105.591630	0.001380
19201	43.307607	0.003383
19301	51.213665	0.002875
19401	115.703081	0.001279
19501	62.823837	0.002368
19601	226.678250	0.000660
19701	49.388277	0.003043
19801	151.825249	0.000995
19901	43.149237	0.003519
20001	152.113050	0.001003
20101	23.974055	0.006397
20201	63.184152	0.002439
20301	220.368016	0.000703
20401	56.053489	0.002777
20501	203.540715	0.000768
20601	240.922946	0.000652
20701	41.036027	0.003849
20801	316.929889	0.000501
20901	46.135157	0.003456
21001	191.161822	0.000838
21101	199.643574	0.000806
21201	60.969989	0.002653
21301	187.985164	0.000865
21401	48.354931	0.003377
21501	68.941649	0.002379
21601	72.447789	0.002275
21701	49.150863	0.003369
21801	28.935328	0.005748
21901	58.532469	0.002855
22001	53.234651	0.003153
22101	68.105002	0.002476
22201	72.866762	0.002325
22301	44.759258	0.003801
22401	73.855786	0.002314
22501	87.394456	0.001964
22601	39.770740	0.004336
22701	40.857478	0.004239
22801	50.764223	0.003427
22901	164.542400	0.001062
23001	51.939055	0.003379
23101	75.895018	0.002322
23201	66.346838	0.002668
23301	44.762120	0.003971
23401	50.510409	0.003535
23501	145.609368	0.001231
23601	47.148095	0.003819
23701	64.744673	0.002793
23801	51.037499	0.003558
23901	39.601710	0.004605
24001	143.877052	0.001273
24101	186.983483	0.000983
24201	58.956555	0.003132
24301	37.650609	0.004924
24401	80.579918	0.002310
24501	55.800468	0.003350
24601	59.234948	0.003169
24701	16.323485	0.011545
24801	42.284746	0.004475
24901	28.558807	0.006652
25001	211.148888	0.000903
25101	37.993991	0.005040
25201	136.466998	0.001409
25301	176.299641	0.001095
25401	91.197050	0.002125
25501	61.811104	0.003148
25601	36.966669	0.005284
25701	57.418619	0.003415
25801	251.500221	0.000783
25901	34.064607	0.005801
26001	25.053843	0.007918
26101	15.535329	0.012818
26201	67.086237	0.002980
26301	39.627872	0.005064
26401	27.901290	0.007219
26501	61.511716	0.003287
26601	39.194977	0.005178
26701	63.881395	0.003189
26801	27.685063	0.007386
26901	68.902023	0.002979
27001	21.586144	0.009543
27101	119.727613	0.001727
27201	18.847408	0.011011
27301	72.570969	0.002870
27401	67.572064	0.003094
27501	32.408055	0.006474
27601	65.546259	0.003213
27701	400.590297	0.000528
27801	54.770481	0.003873
27901	97.275793	0.002188
28001	50.843326	0.004202
28101	88.701766	0.002417
28201	66.438094	0.003238
28301	70.358014	0.003069
28401	45.884601	0.004722
28501	241.570259	0.000900
28601	55.948092	0.003900
28701	107.782803	0.002032
28801	63.394102	0.003466
28901	48.595781	0.004537
29001	160.292463	0.001380
29101	70.590776	0.003145
29201	157.039302	0.001419
29301	91.035030	0.002456
29401	578.231984	0.000388
29501	580.635702	0.000388
29601	312.391285	0.000723
29701	35.461989	0.006390
29801	109.739627	0.002072
29901	43.708103	0.005219
30001	393.486605	0.000582
30101	180.835709	0.001270
30201	65.256074	0.003531
30301	40.160248	0.005756
30401	46.108360	0.005030
30501	65.907438	0.003531
30601	361.030325	0.000647
30701	60.327751	0.003883
30801	297.899350	0.000789
30901	76.890130	0.003066
31001	54.910496	0.004307
31101	45.073801	0.005264
31201	43.607242	0.005459
31301	41.519709	0.005752
31401	328.529966	0.000729
31501	467.843984	0.000514
31601	67.348232	0.003580
31701	71.989339	0.003360
31801	66.233959	0.003663
31901	80.303027	0.003031
32001	47.284491	0.005163
32101	66.357568	0.003691
32201	108.005925	0.002275
32301	68.471182	0.003599
32401	61.472868	0.004021
32501	197.065931	0.001258
32601	54.408889	0.004571
32701	115.472042	0.002161
32801	45.677868	0.005479
32901	76.223002	0.003293
33001	623.366046	0.000404
33101	635.903105	0.000397
33201	90.772151	0.002791
33301	99.849638	0.002544
33401	50.189939	0.005077
33501	64.156399	0.003984
33601	61.583712	0.004163
33701	60.776735	0.004231
33801	58.951469	0.004374
33901	87.671397	0.002950
34001	70.063053	0.003702
34101	59.807833	0.004350
34201	241.082778	0.001082
34301	70.107899	0.003733
34401	130.749363	0.002007
34501	51.314245	0.005130
34601	55.058953	0.004795
34701	190.916455	0.001387
34801	94.638459	0.002806
34901	66.401053	0.004010
35001	68.861970	0.003878
35101	53.219394	0.005032
35201	46.841015	0.005733
35301	314.035755	0.000858
35401	59.879681	0.004511
35501	93.180120	0.002907
35601	65.713021	0.004133
35701	262.806932	0.001036
35801	54.805187	0.004984
35901	128.215621	0.002136
36001	84.031609	0.003269
36101	95.446958	0.002886
36201	423.914628	0.000652
36301	420.436659	0.000659
36401	186.900881	0.001486
36501	230.607334	0.001208
36601	97.629680	0.002860
36701	213.739392	0.001310
36801	41.713368	0.006731
36901	617.098898	0.000456
37001	625.838798	0.000451
37101	88.676850	0.003192
37201	416.475296	0.000681
37301	86.449533	0.003292
37401	441.274141	0.000647
37501	30.473336	0.009389
37601	48.484623	0.005917
37701	878.769430	0.000327
37801	262.071731	0.001100
37901	451.694689	0.000640
38001	447.501496	0.000648
38101	443.714773	0.000655
38201	303.021516	0.000962
38301	28.086596	0.010404
38401	37.627041	0.007786
38501	44.164941	0.006651
38601	77.182252	0.003816
38701	86.396401	0.003418
38801	251.275650	0.001178
38901	114.317310	0.002596
39001	52.862273	0.005629
39101	179.933716	0.001658
39201	68.323827	0.004377
39301	109.491892	0.002738
39401	392.760091	0.000765
39501	792.444152	0.000380
39601	38.073579	0.007935
39701	42.141124	0.007188
39801	48.135715	0.006308
39901	188.714883	0.001613
40001	250.213183	0.001220
40101	542.768971	0.000564
40201	604.959963	0.000507
40301	696.865158	0.000441
40401	78.197264	0.003942
40501	40.348425	0.007658
40601	136.267685	0.002273
40701	41.271856	0.007524
40801	134.183373	0.002320
40901	69.520426	0.004489
41001	58.934166	0.005308
41101	754.713927	0.000415
41201	936.625426	0.000336
41301	832.857114	0.000378
41401	104.873476	0.003012
41501	138.493808	0.002286
41601	64.424554	0.004927
41701	70.437523	0.004517
41801	214.804755	0.001485
41901	175.640451	0.001820
42001	181.012363	0.001770
42101	67.926805	0.004729
42201	38.412740	0.008382
42301	296.075177	0.001090
42401	38.749896	0.008348
42501	107.069951	0.003028
42601	73.922745	0.004397
42701	92.877234	0.003508
42801	93.565083	0.003490
42901	172.708898	0.001895
43001	131.574394	0.002493
43101	655.904190	0.000501
43201	104.337782	0.003159
43301	857.727517	0.000385
43401	873.159619	0.000379
43501	128.394375	0.002585
43601	348.697500	0.000954
43701	640.850423	0.000520
43801	108.147684	0.003090
43901	866.690184	0.000386
44001	875.529066	0.000383
44101	108.585526	0.003099
44201	644.200141	0.000523
44301	67.907974	0.004977
44401	74.126191	0.004570
44501	47.830670	0.007098
44601	122.982140	0.002767
44701	68.633111	0.004969
44801	71.451719	0.004784
44901	31.667671	0.010818
45001	82.189603	0.004177
45101	31.617517	0.010883
45201	95.598117	0.003607
45301	42.398862	0.008152
45401	236.062591	0.001467
45501	114.753282	0.003025
45601	846.171113	0.000411
45701	1009.328342	0.000345
45801	99.529859	0.003511
45901	834.844351	0.000419
46001	58.766653	0.005972
46101	256.015185	0.001374
46201	118.179647	0.002983
46301	107.263441	0.003293
46401	521.133682	0.000679
46501	59.297178	0.005983
46601	278.293414	0.001278
46701	88.682380	0.004018
46801	557.945714	0.000640
46901	308.238764	0.001161
47001	372.980809	0.000961
47101	185.550036	0.001937
47201	216.259325	0.001665
47301	200.426929	0.001801
47401	165.061008	0.002191
47501	36.122742	0.010033
47601	109.192182	0.003326
47701	359.736280	0.001012
47801	70.224709	0.005193
47901	160.680004	0.002274
48001	137.735915	0.002659
48101	37.329658	0.009831
48201	559.505865	0.000657
48301	438.635381	0.000840
48401	519.459020	0.000711
48501	273.388996	0.001354
48601	92.991414	0.003987
48701	164.545165	0.002258
48801	113.040389	0.003294
48901	1098.840098	0.000340
49001	111.513682	0.003352
49101	119.248908	0.003141
49201	59.916413	0.006265
49301	33.174824	0.011338
49401	45.995738	0.008194
49501	76.687522	0.004925
49601	92.957932	0.004071
49701	121.474468	0.003122
49801	394.213705	0.000964
49901	87.839554	0.004334
50001	148.255943	0.002573
50101	48.737918	0.007843
50201	61.615030	0.006216
50301	84.674092	0.004532
50401	110.244910	0.003488
50501	48.001508	0.008027
50601	82.298656	0.004691
50701	75.531831	0.005121
50801	177.479862	0.002184
50901	292.936153	0.001326
51001	45.485200	0.008555
51101	284.886629	0.001369
51201	76.381766	0.005114
51301	101.767339	0.003846
51401	113.634816	0.003451
51501	991.846268	0.000396
51601	78.689676	0.005003
51701	503.067262	0.000784
51801	135.423216	0.002918
51901	561.460884	0.000705
52001	610.586987	0.000650
52101	393.440914	0.001010
52201	67.111675	0.005934
52301	877.819785	0.000455
52401	55.959172	0.007144
52501	57.630486	0.006950
52601	86.033733	0.004665
52701	207.619105	0.001937
52801	315.246392	0.001278
52901	85.183279	0.004738
53001	104.740208	0.003861
53101	195.716801	0.002070
53201	191.407442	0.002121
53301	151.427286	0.002685
53401	82.108238	0.004962
53501	75.888607	0.005379
53601	132.730887	0.003081
53701	127.054301	0.003225
53801	40.088162	0.010239
53901	819.517766	0.000502
54001	934.445248	0.000441
54101	1045.526135	0.000395
54201	188.619760	0.002192
54301	932.302720	0.000444
54401	1066.339159	0.000389
54501	828.458807	0.000502
54601	109.808062	0.003794
54701	95.012360	0.004392
54801	385.339357	0.001085
54901	66.375023	0.006311
55001	105.641205	0.003972
55101	60.307535	0.006971
55201	66.722783	0.006312
55301	77.642915	0.005434
55401	122.107513	0.003462
55501	156.030331	0.002714
55601	295.326597	0.001436
55701	651.123681	0.000653
55801	157.198132	0.002708
55901	82.714384	0.005156
56001	114.248563	0.003740
56101	44.127853	0.009699
56201	289.381230	0.001482
56301	114.958122	0.003737
56401	124.923971	0.003445
56501	170.393928	0.002530
56601	333.250603	0.001296
56701	1069.888097	0.000404
56801	196.628507	0.002204
56901	1109.021893	0.000391
57001	1104.382368	0.000394
57101	192.227893	0.002266
57201	83.639694	0.005218
57301	753.881819	0.000580
57401	243.304931	0.001800
57501	145.231698	0.003021
57601	37.468265	0.011729
57701	33.029513	0.013328
57801	45.881506	0.009611
57901	93.562515	0.004721
58001	131.660193	0.003361
58101	78.241096	0.005666
58201	195.335895	0.002273
58301	75.156732	0.005918
58401	53.074761	0.008395
58501	164.914860	0.002706
58601	257.405259	0.001737
58701	47.771241	0.009375
58801	157.422646	0.002850
58901	211.740077	0.002122
59001	1144.221185	0.000393
59101	249.416078	0.001808
59201	187.793624	0.002405
59301	118.664534	0.003813
59401	70.449058	0.006433
59501	166.562851	0.002725
59601	159.782295	0.002846
59701	184.817800	0.002464
59801	54.460461	0.008378
59901	98.992720	0.004617
60001	96.900532	0.004724
60101	134.496433	0.003409
60201	436.176433	0.001053
60301	232.923721	0.001975
60401	87.130705	0.005289
60501	709.290511	0.000651
60601	134.889423	0.003428
60701	512.426311	0.000904
60801	297.156738	0.001561
60901	87.431979	0.005314
61001	51.427696	0.009050
61101	51.773125	0.009004
61201	133.541856	0.003496
61301	795.614881	0.000588
61401	673.227653	0.000696
61501	191.434072	0.002451
61601	133.044272	0.003532
61701	160.546432	0.002932
61801	66.862650	0.007052
61901	116.093635	0.004068
62001	46.542716	0.010163
62101	131.719379	0.003597
62201	189.885349	0.002499
62301	263.128143	0.001806
62401	157.341618	0.003026
62501	134.030418	0.003558
62601	747.000457	0.000639
62701	748.930097	0.000639
62801	127.623015	0.003754
62901	77.362743	0.006203
63001	37.957252	0.012663
63101	169.962122	0.002833
63201	704.568900	0.000684
63301	356.824859	0.001353
63401	182.669885	0.002648
63501	539.615840	0.000898
63601	199.080440	0.002437
63701	934.023732	0.000520
63801	175.975766	0.002766
63901	314.650143	0.001549
64001	254.442866	0.001919
64101	418.693876	0.001168
64201	424.164745	0.001155
64301	200.926713	0.002442
64401	958.559601	0.000513
64501	1074.590346	0.000458
64601	171.690270	0.002871
64701	68.333054	0.007224
64801	843.653197	0.000586
64901	59.948008	0.008260
65001	62.984977	0.007874
65101	272.246872	0.001824
65201	135.664497	0.003667
65301	164.507796	0.003028
65401	463.986310	0.001075
65501	755.569876	0.000661
65601	174.721977	0.002865
65701	146.760729	0.003415
65801	877.776697	0.000572
65901	149.726773	0.003358
66001	1101.651707	0.000457
66101	462.342634	0.001091
66201	142.498053	0.003544
66301	176.298935	0.002869
66401	957.227537	0.000529
66501	274.441191	0.001849
66601	127.900259	0.003973
66701	437.865010	0.001162
66801	160.653976	0.003172
66901	138.204502	0.003693
67001	1120.923971	0.000456
67101	999.686090	0.000512
67201	52.374928	0.009789
67301	43.100197	0.011913
67401	105.785437	0.004861
67501	203.718197	0.002528
67601	60.239664	0.008562
67701	451.833826	0.001143
67801	1158.696479	0.000446
67901	427.055232	0.001213
68001	56.365880	0.009204
68101	160.341107	0.003240
68201	50.553129	0.010293
68301	209.830049	0.002483
68401	100.781107	0.005178
68501	1162.037670	0.000450
68601	120.619538	0.004339
68701	195.620017	0.002679
68801	70.417165	0.007454
68901	50.550891	0.010399
69001	314.487749	0.001674
69101	68.403567	0.007707
69201	71.409908	0.007393
69301	326.009519	0.001622
69401	72.080737	0.007346
69501	147.459825	0.003596
69601	133.768817	0.003970
69701	91.993359	0.005781
69801	147.498423	0.003610
69901	78.229052	0.006817
70001	179.994536	0.002967
70101	179.415696	0.002981
70201	244.104322	0.002194
70301	113.583258	0.004722
70401	104.694548	0.005130
70501	558.844960	0.000962
70601	163.072646	0.003303
70701	170.407364	0.003165
70801	122.145820	0.004422
70901	526.416385	0.001028
71001	100.121734	0.005410
71101	549.784335	0.000987
71201	123.506252	0.004398
71301	148.114398	0.003673
71401	208.760100	0.002609
71501	115.555656	0.004721
71601	303.744504	0.001798
71701	136.838767	0.003998
71801	84.662076	0.006470
71901	179.608508	0.003054
72001	343.438055	0.001599
72101	158.861897	0.003463
72201	145.966453	0.003774
72301	162.788554	0.003389
72401	157.453521	0.003508
72501	149.453364	0.003701
72601	140.819959	0.003933
72701	138.317275	0.004010
72801	127.134408	0.004369
72901	183.707703	0.003028
73001	112.189442	0.004964
73101	689.161445	0.000809
73201	289.097817	0.001932
73301	214.974451	0.002601
73401	146.570550	0.003821
73501	73.304294	0.007650
73601	57.669873	0.009737
73701	61.717209	0.009111
73801	112.304551	0.005014
73901	116.000724	0.004860
74001	274.797060	0.002055
74101	379.110418	0.001491
74201	206.307806	0.002744
74301	162.911766	0.003480
74401	133.839196	0.004241
74501	320.271300	0.001775
74601	113.547365	0.005013
74701	151.203503	0.003769
74801	159.600799	0.003576
74901	148.025763	0.003860
75001	142.578667	0.004013
75101	389.423614	0.001471
75201	154.592277	0.003711
75301	206.153704	0.002787
75401	74.131605	0.007760
75501	112.793843	0.005107
75601	256.280674	0.002251
75701	252.362184	0.002289
75801	218.100119	0.002652
75901	387.474430	0.001494
76001	169.675927	0.003417
76101	91.605425	0.006338
76201	130.900396	0.004441
76301	394.355616	0.001476
76401	59.511423	0.009795
76501	1282.678500	0.000455
76601	537.782140	0.001087
76701	116.340817	0.005030
76801	113.365057	0.005169
76901	132.387401	0.004432
77001	174.062537	0.003375
77101	1270.759660	0.000463
77201	169.467204	0.003476
77301	65.914880	0.008947
77401	170.754152	0.003458
77501	130.471844	0.004532
77601	154.048685	0.003843
77701	234.567717	0.002527
77801	127.912837	0.004640
77901	125.277247	0.004744
78001	394.484728	0.001509
78101	244.041932	0.002442
78201	151.883791	0.003928
78301	156.580784	0.003815
78401	161.317654	0.003708
78501	462.032353	0.001296
78601	299.210311	0.002004
78701	144.028001	0.004169
78801	245.998675	0.002444
78901	75.825824	0.007939
79001	620.107269	0.000972
79101	222.296761	0.002715
79201	129.793667	0.004656
79301	159.628184	0.003790
79401	111.456546	0.005435
79501	405.842052	0.001495
79601	106.954398	0.005678
79701	596.978757	0.001019
79801	326.240635	0.001866
79901	129.069487	0.004723
80001	234.416381	0.002604
80101	160.020746	0.003819
80201	70.013367	0.008740
80301	43.678003	0.014026
80401	68.621262	0.008939
80501	1228.693158	0.000500
80601	1353.229689	0.000454
80701	76.633876	0.008034
80801	650.224258	0.000948
80901	781.578429	0.000790
81001	147.516417	0.004189
81101	144.550295	0.004281
81201	81.028602	0.007646
81301	50.909250	0.012184
81401	455.671675	0.001363
81501	151.561219	0.004103
81601	55.102379	0.011298
81701	41.751408	0.014930
81801	178.163803	0.003503
81901	485.846052	0.001286
82001	190.677022	0.003281
82101	221.226435	0.002831
82201	271.157809	0.002313
82301	669.936269	0.000937
82401	178.066709	0.003531
82501	143.360710	0.004391
82601	65.697298	0.009592
82701	130.116681	0.004849
82801	109.702453	0.005758
82901	749.865421	0.000843
83001	233.406785	0.002713
83101	49.528731	0.012801
83201	496.677685	0.001278
83301	215.176117	0.002954
83401	153.217695	0.004153
83501	160.116464	0.003979
83601	107.661676	0.005924
83701	1014.191420	0.000630
83801	75.185538	0.008504
83901	45.972068	0.013924
84001	162.368169	0.003947
84101	265.354901	0.002418
84201	469.401740	0.001369
84301	195.950599	0.003282
84401	1243.087978	0.000518
84501	203.496344	0.003168
84601	767.761495	0.000841
84701	104.510648	0.006183
84801	158.067222	0.004093
84901	113.772371	0.005693
85001	144.082429	0.004501
85101	194.271428	0.003342
85201	1003.591956	0.000648
85301	1279.954047	0.000508
85401	202.878615	0.003212
85501	679.108998	0.000961
85601	140.131304	0.004661
85701	1671.390563	0.000391
85801	1645.545959	0.000398
85901	249.446657	0.002627
86001	1125.863257	0.000583
86101	210.351938	0.003123
86201	204.179593	0.003221
86301	426.342776	0.001544
86401	734.956196	0.000897
86501	197.519823	0.003341
86601	778.632886	0.000849
86701	108.454584	0.006099
86801	142.259342	0.004655
86901	283.769056	0.002336
87001	168.710600	0.003934
87101	145.473653	0.004568
87201	257.146289	0.002587
87301	201.842025	0.003300
87401	217.071937	0.003072
87501	150.130576	0.004447
87601	1290.087669	0.000518
87701	1174.426482	0.000570
87801	93.566535	0.007159
87901	132.602215	0.005057
88001	434.875098	0.001544
88101	115.835955	0.005803
88201	1289.774418	0.000522
88301	1145.074356	0.000588
88401	187.225104	0.003602
88501	120.949356	0.005583
88601	1335.359670	0.000506
88701	1519.361827	0.000445
88801	308.894553	0.002193
88901	1306.298325	0.000519
89001	1195.919961	0.000568
89101	80.048490	0.008492
89201	263.583576	0.002582
89301	94.974762	0.007174
89401	305.728016	0.002231
89501	235.003598	0.002906
89601	143.385684	0.004768
89701	1544.378201	0.000443
89801	86.308022	0.007938
89901	762.238366	0.000900
90001	203.592737	0.003373
90101	165.057030	0.004165
90201	146.117013	0.004710
90301	103.829742	0.006635
90401	351.325916	0.001963
90501	197.549469	0.003495
90601	389.698498	0.001774
90701	1021.515925	0.000677
90801	198.918656	0.003483
90901	526.799223	0.001316
91001	243.844103	0.002847
91101	98.456345	0.007059
91201	395.993412	0.001757
91301	114.975761	0.006058
91401	392.698984	0.001776
91501	371.513944	0.001879
91601	350.913598	0.001992
91701	182.746304	0.003828
91801	238.443816	0.002937
91901	131.306938	0.005340
92001	225.536947	0.003112
92101	202.715095	0.003466
92201	908.986045	0.000774
92301	132.112560	0.005330
92401	87.913311	0.008019
92501	175.458326	0.004022
92601	419.419566	0.001684
92701	281.168134	0.002515
92801	104.926136	0.006748
92901	258.008291	0.002747
93001	1538.710811	0.000461
93101	393.973165	0.001803
93201	150.562872	0.004723
93301	290.251739	0.002452
93401	167.080960	0.004265
93501	124.177666	0.005745
93601	136.886832	0.005217
93701	107.103951	0.006675
93801	133.362316	0.005366
93901	100.245962	0.007147
94001	115.705942	0.006198
94101	120.896427	0.005938
94201	103.294144	0.006958
94301	167.023870	0.004308
94401	155.044799	0.004645
94501	196.467925	0.003670
94601	203.347590	0.003549
94701	101.362749	0.007128
94801	155.803516	0.004642
94901	104.048978	0.006959
95001	153.226167	0.004730
95101	197.169057	0.003680
95201	111.348814	0.006523
95301	176.589698	0.004117
95401	177.678657	0.004096
95501	144.161126	0.005054
95601	182.543846	0.003996
95701	62.955886	0.011598
95801	193.961837	0.003768
95901	97.882011	0.007475
96001	85.710288	0.008545
96101	79.436659	0.009230
96201	423.720151	0.001732
96301	87.323824	0.008414
96401	137.679724	0.005342
96501	333.741020	0.002206
96601	199.191658	0.003700
96701	225.484266	0.003272
96801	113.598147	0.006501
96901	162.659580	0.004545
97001	1423.850031	0.000520
97101	237.740384	0.003116
97201	277.659814	0.002671
97301	856.461410	0.000867
97401	741.940696	0.001002
97501	71.399287	0.010419
97601	54.608630	0.013636
97701	184.623265	0.004037
97801	821.236276	0.000909
97901	1880.868130	0.000397
98001	64.517456	0.011589
98101	222.653243	0.003362
98201	222.646758	0.003365
98301	481.179638	0.001559
98401	190.973463	0.003931
98501	288.376163	0.002606
98601	119.331832	0.006304
98701	73.651233	0.010224
98801	89.593249	0.008413
98901	157.166041	0.004801
99001	1161.037715	0.000651
99101	214.436593	0.003526
99201	172.993238	0.004375
99301	257.537380	0.002942
99401	235.336973	0.003222
99501	1712.327041	0.000443
99601	1894.723453	0.000401
99701	119.503593	0.006365
99801	58.455891	0.013026
99901	224.991984	0.003388
100001	77.650728	0.009825
100101	93.910416	0.008132
100201	223.398339	0.003422
100301	332.198047	0.002304
100401	242.421820	0.003160
100501	1748.160793	0.000439
100601	1701.164921	0.000451
100701	95.472953	0.008047
100801	511.279752	0.001504
100901	225.912877	0.003408
101001	141.645602	0.005440
101101	159.489544	0.004836
101201	462.237069	0.001670
101301	229.735686	0.003364
101401	202.019569	0.003829
101501	1535.036358	0.000504
101601	1364.867635	0.000568
101701	235.904430	0.003289
101801	231.870372	0.003350
101901	106.755044	0.007282
102001	203.071939	0.003832
102101	80.740341	0.009648
102201	488.683321	0.001596
102301	433.924227	0.001799
102401	328.772580	0.002376
102501	186.669762	0.004189
102601	54.749127	0.014298
102701	120.193720	0.006519
102801	108.827474	0.007207
102901	245.158320	0.003202
103001	263.310634	0.002984
103101	202.161606	0.003891
103201	166.103525	0.004740
103301	150.504699	0.005237
103401	157.995123	0.004993
103501	140.477594	0.005621
103601	173.144523	0.004565
103701	174.079360	0.004545
103801	76.206543	0.010392
103901	184.553807	0.004295
104001	196.528611	0.004037
104101	134.119833	0.005922
104201	224.385229	0.003543
104301	1040.358939	0.000765
104401	285.782688	0.002787
104501	1370.519180	0.000582
104601	242.855823	0.003286
104701	879.945495	0.000908
104801	228.427195	0.003500
104901	253.960610	0.003151
105001	204.400765	0.003919
105101	1258.275205	0.000637
105201	736.602885	0.001090
105301	79.811223	0.010066
105401	776.086381	0.001036
105501	189.279228	0.004252
105601	90.398607	0.008912
105701	447.104962	0.001804
105801	80.365553	0.010044
105901	1388.445466	0.000582
106001	83.073210	0.009735
106101	316.149617	0.002560
106201	1143.623718	0.000708
106301	227.957939	0.003558
106401	394.170892	0.002059
106501	344.101059	0.002361
106601	240.363319	0.003384
106701	154.987123	0.005252
106801	604.176960	0.001349
106901	162.288016	0.005026
107001	1984.153055	0.000411
107101	292.480334	0.002794
107201	297.177559	0.002752
107301	404.174767	0.002025
107401	201.060708	0.004075
107501	59.144878	0.013867
107601	109.735511	0.007481
107701	146.603958	0.005605
107801	109.976438	0.007478
107901	184.712875	0.004457
108001	92.407273	0.008917
108101	1600.519417	0.000515
108201	450.847475	0.001831
108301	124.236761	0.006651
108401	79.127941	0.010452
108501	1290.900986	0.000641
108601	90.350901	0.009170
108701	185.088260	0.004481
108801	532.381415	0.001559
108901	187.953763	0.004420
109001	182.949505	0.004546
109101	116.305207	0.007157
109201	201.795979	0.004129
109301	265.261741	0.003144
109401	243.853779	0.003423
109501	404.012594	0.002068
109601	73.574222	0.011365
109701	169.589751	0.004935
109801	223.381793	0.003750
109901	113.854202	0.007364
110001	260.657432	0.003220
110101	1082.876576	0.000776
110201	260.212551	0.003231
110301	570.967882	0.001474
110401	229.533171	0.003670
110501	290.409707	0.002903
110601	104.061326	0.008109
110701	130.116346	0.006491
110801	119.978276	0.007046
110901	155.908718	0.005427
111001	208.578310	0.004060
111101	57.272141	0.014800
111201	117.431356	0.007225
111301	205.079909	0.004141
111401	151.078923	0.005626
111501	658.875230	0.001291
111601	80.470902	0.010581
111701	281.892576	0.003023
111801	162.401856	0.005252
111901	193.886694	0.004403
112001	74.844501	0.011417
112101	107.870842	0.007929
112201	1475.220030	0.000580
112301	1235.732087	0.000693
112401	309.163058	0.002774
112501	144.798634	0.005928
112601	255.292588	0.003365
112701	1631.865357	0.000527
112801	1517.421670	0.000567
112901	226.291405	0.003806
113001	181.438531	0.004752
113101	127.125432	0.006788
113201	840.559452	0.001027
113301	501.888129	0.001722
113401	249.358571	0.003470
113501	132.954507	0.006513
113601	243.210138	0.003564
113701	143.405755	0.006049
113801	1031.589550	0.000842
113901	135.409734	0.006418
114001	251.084992	0.003464
114101	185.612847	0.004690
114201	218.938009	0.003980
114301	161.471281	0.005401
114401	229.998966	0.003795
114501	208.696670	0.004186
114601	73.932496	0.011826
114701	154.415665	0.005667
114801	331.069394	0.002646
114901	199.034271	0.004404
115001	92.257016	0.009510
115101	607.513086	0.001445
115201	205.338876	0.004280
115301	116.628374	0.007543
115401	1249.486180	0.000705
115501	285.895508	0.003082
115601	1355.984627	0.000650
115701	285.097282	0.003096
115801	1537.951890	0.000574
115901	285.905110	0.003093
116001	1225.715661	0.000722
116101	256.805482	0.003449
116201	61.944203	0.014312
116301	281.190039	0.003156
116401	1255.676533	0.000707
116501	134.274780	0.006620
116601	140.572001	0.006328
116701	222.263485	0.004006
116801	274.030654	0.003252
116901	279.152815	0.003195
117001	212.934270	0.004192
117101	338.812156	0.002637
117201	243.879852	0.003666
117301	689.516462	0.001298
117401	311.134516	0.002879
117501	2092.087020	0.000429
117601	283.692710	0.003163
117701	181.494090	0.004948
117801	132.452871	0.006785
117901	262.027953	0.003433
118001	1072.681011	0.000839
118101	235.846100	0.003820
118201	1080.843835	0.000834
118301	119.679195	0.007542
118401	109.797417	0.008227
118501	184.565784	0.004898
118601	342.244487	0.002644
118701	260.902038	0.003471
118801	404.574616	0.002240
118901	732.099653	0.001239
119001	124.791552	0.007275
119101	132.350690	0.006866
119201	140.954461	0.006452
119301	74.314899	0.012248
119401	219.392413	0.004152
119501	162.879266	0.005598
119601	396.140286	0.002303
119701	301.168210	0.003032
119801	254.219332	0.003595
119901	335.938298	0.002723
120001	125.538341	0.007293
120101	83.201965	0.011013
120201	323.849927	0.002832
120301	2050.543983	0.000448
120401	1822.262319	0.000504
120501	317.406748	0.002896
120601	1801.988082	0.000511
120701	1792.269599	0.000514
120801	153.835730	0.005991
120901	306.466034	0.003010
121001	92.859691	0.009941
121101	119.561348	0.007728
121201	81.458156	0.011352
121301	319.929334	0.002893
121401	70.265535	0.013182
121501	580.309035	0.001597
121601	797.117216	0.001164
121701	75.781120	0.012252
121801	258.206690	0.003599
121901	316.291423	0.002940
122001	215.477159	0.004320
122101	693.133118	0.001344
122201	320.073523	0.002913
122301	185.929921	0.005018
122401	166.132914	0.005621
122501	164.829927	0.005670
122601	416.786794	0.002244
122701	212.850637	0.004398
122801	182.041677	0.005147
122901	722.995600	0.001297
123001	162.083060	0.005790
123101	161.993799	0.005798
123201	161.955898	0.005804
123301	256.259271	0.003671
123401	1798.148299	0.000524
123501	1660.078977	0.000568
123601	325.015943	0.002901
123701	257.753811	0.003661
123801	1320.828632	0.000715
123901	1596.092929	0.000592
124001	74.946516	0.012623
124101	94.280399	0.010043
124201	124.533708	0.007609
124301	128.343087	0.007389
124401	702.052916	0.001352
124501	315.659626	0.003009
124601	236.118111	0.004026
124701	252.918406	0.003762
124801	1075.548118	0.000885
124901	318.602230	0.002991
125001	1654.934651	0.000576
125101	306.809976	0.003111
125201	1509.350369	0.000633
125301	321.265811	0.002976
125401	237.891810	0.004022
125501	247.042356	0.003876
125601	2061.330432	0.000465
125701	1677.017797	0.000572
125801	303.767058	0.003160
125901	1003.896319	0.000957
126001	289.196067	0.003324
126101	143.938026	0.006684
126201	177.164322	0.005435
126301	280.910830	0.003430
126401	280.249746	0.003441
126501	1644.861067	0.000587
126601	313.212422	0.003084
126701	1355.190874	0.000713
126801	258.199316	0.003747
126901	320.483003	0.003021
127001	1896.109051	0.000511
127101	1738.554157	0.000558
127201	288.160303	0.003368
127301	266.113929	0.003650
127401	1365.878322	0.000712
127501	299.887879	0.003244
127601	266.112075	0.003658
127701	1378.089827	0.000707
127801	154.591759	0.006307
127901	1277.833869	0.000764
128001	1265.826623	0.000771
128101	285.618821	0.003422
128201	225.266641	0.004342
128301	176.875871	0.005534
128401	80.622345	0.012151
128501	205.082165	0.004780
128601	1305.404629	0.000752
128701	135.875560	0.007227
128801	1689.845423	0.000582
128901	383.654697	0.002563
129001	99.622522	0.009879
129101	91.122677	0.010809
129201	105.142018	0.009375
129301	249.905195	0.003947
129401	363.893102	0.002713
129501	132.106590	0.007479
129601	229.922896	0.004300
129701	1409.880466	0.000702
129801	1710.674794	0.000579
129901	360.075515	0.002752
130001	404.249565	0.002454
130101	336.934038	0.002946
130201	164.903875	0.006024
130301	1025.525881	0.000969
130401	1551.238662	0.000641
130501	310.119797	0.003211
130601	297.300121	0.003352
130701	165.183525	0.006037
130801	100.247619	0.009955
130901	107.432656	0.009296
131001	247.514401	0.004038
131101	214.981128	0.004653
131201	147.592425	0.006782
131301	124.744404	0.008030
131401	50.424389	0.019881
131501	87.002555	0.011532
131601	151.913657	0.006609
131701	80.439323	0.012491
131801	71.097224	0.014143
131901	157.776777	0.006378
132001	173.881558	0.005792
132101	140.722613	0.007162
132201	1209.346771	0.000834
132301	286.018697	0.003529
132401	154.437048	0.006541
132501	621.198557	0.001627
132601	139.862451	0.007233
132701	138.302637	0.007320
132801	102.053617	0.009928
132901	138.681568	0.007311
133001	981.656686	0.001034
133101	83.681071	0.012135
133201	82.216663	0.012361
133301	359.293375	0.002831
133401	94.760967	0.010740
133501	177.779528	0.005729
133601	408.294979	0.002496
133701	78.326120	0.013023
133801	73.104358	0.013964
133901	209.427488	0.004878
134001	140.802227	0.007261
134101	144.071006	0.007101
134201	89.401305	0.011453
134301	114.208347	0.008972
134401	317.190695	0.003233
134501	1436.043257	0.000715
134601	145.161719	0.007074
134701	295.644807	0.003476
134801	886.323019	0.001160
134901	295.171903	0.003487
135001	242.373466	0.004250
135101	71.610875	0.014394
135201	129.824511	0.007945
135301	151.717326	0.006804
135401	38.883122	0.026568
135501	99.970792	0.010341
135601	144.760315	0.007147
135701	90.256830	0.011471
135801	838.595939	0.001235
135901	302.364881	0.003429
136001	92.282594	0.011244
136101	139.190617	0.007460
136201	131.121776	0.007925
136301	82.219538	0.012648
136401	299.888298	0.003470
136501	323.391505	0.003220
136601	816.226114	0.001277
136701	75.995236	0.013724
136801	52.312863	0.019951
136901	73.993190	0.014116
137001	233.349896	0.004479
137101	312.710296	0.003345
137201	250.274438	0.004182
137301	283.877038	0.003690
137401	110.438535	0.009492
137501	954.744226	0.001099
137601	100.520917	0.010444
137701	232.952662	0.004510
137801	187.769729	0.005599
137901	100.739158	0.010444
138001	96.620821	0.010897
138101	89.324801	0.011795
138201	46.423031	0.022713
138301	69.822830	0.015112
138401	224.907727	0.004695
138501	56.877030	0.018578
138601	73.002055	0.014485
138701	102.404162	0.010334
138801	85.748886	0.012350
138901	106.370485	0.009963
139001	740.625044	0.001432
139101	283.925214	0.003738
139201	147.319087	0.007209
139301	123.267791	0.008622
139401	132.551677	0.008024
139501	314.466419	0.003384
139601	140.527319	0.007579
139701	286.335679	0.003722
139801	139.176507	0.007664
139901	169.082013	0.006313
140001	294.384131	0.003628
140101	151.692485	0.007046
140201	105.162175	0.010171
140301	102.942785	0.010398
140401	62.239194	0.017211
140501	111.734301	0.009594
140601	276.944586	0.003873
140701	297.060903	0.003614
140801	153.714500	0.006988
140901	298.345421	0.003603
141001	137.425226	0.007828
141101	153.187761	0.007027
141201	63.110917	0.017070
141301	796.383465	0.001354
141401	95.522040	0.011294
141501	62.157354	0.017368
141601	51.920912	0.020807
141701	124.694387	0.008670
141801	63.692939	0.016985
141901	71.444142	0.015153
142001	350.591011	0.003090
142101	145.263514	0.007463
142201	165.007308	0.006575
142301	58.647035	0.018512
142401	138.008287	0.007872
142501	54.422229	0.019977
142601	84.744304	0.012838
142701	97.917460	0.011119
142801	170.106820	0.006405
142901	246.153912	0.004429
143001	277.403868	0.003933
143101	140.218829	0.007786
143201	328.439580	0.003326
143301	1230.954370	0.000888
143401	312.698614	0.003499
143501	154.305108	0.007095
143601	80.102012	0.013677
143701	235.319517	0.004659
143801	71.971118	0.015244
143901	97.886935	0.011216
144001	134.735577	0.008154
144101	112.614444	0.009763
144201	142.124639	0.007741
144301	306.679467	0.003590
144401	139.558662	0.007894
144501	910.055677	0.001211
144601	100.680677	0.010958
144701	142.921900	0.007724
144801	279.130385	0.003958
144901	84.156900	0.013136
145001	130.700402	0.008464
145101	270.826592	0.004088
145201	102.245563	0.010835
145301	1305.594342	0.000849
145401	207.698256	0.005341
145501	78.371737	0.014164
145601	276.713135	0.004014
145701	351.402470	0.003163
145801	344.697390	0.003227
145901	960.580865	0.001159
146001	326.777831	0.003409
146101	327.503405	0.003404
146201	1022.435237	0.001091
146301	164.900031	0.006769
146401	97.767957	0.011425
146501	920.078544	0.001215
146601	67.979845	0.016453
146701	165.592606	0.006759
146801	334.865182	0.003345
146901	226.371101	0.004951
147001	115.289041	0.009728
147101	172.123274	0.006520
147201	240.155929	0.004676
147301	93.847368	0.011975
147401	158.053853	0.007115
147501	167.177428	0.006731
147601	56.128435	0.020063
147701	101.387216	0.011115
147801	162.332134	0.006946
147901	324.415207	0.003478
148001	65.322334	0.017286
148101	53.554654	0.021098
148201	104.849188	0.010784
148301	286.365820	0.003951
148401	132.849101	0.008523
148501	336.240373	0.003370
148601	332.615343	0.003409
148701	293.848733	0.003861
148801	886.831471	0.001280
148901	155.822947	0.007290
149001	57.674524	0.019710
149101	93.962886	0.012106
149201	276.828848	0.004112
149301	61.971672	0.018381
149401	146.694379	0.007770
149501	155.516382	0.007334
149601	1462.653047	0.000780
149701	284.881362	0.004009
149801	133.742307	0.008545
149901	355.548714	0.003217
150001	167.378879	0.006837
150101	947.549124	0.001209
150201	73.758679	0.015536
150301	80.224609	0.014294
150401	65.798768	0.017439
150501	77.046838	0.014903
150601	82.047778	0.014004
150701	106.072175	0.010839
150801	248.284084	0.004634
150901	87.468597	0.013162
151001	56.770321	0.020293
151101	57.480666	0.020056
151201	70.295213	0.016410
151301	313.001782	0.003688
151401	247.019965	0.004676
151501	374.921987	0.003083
151601	321.130631	0.003602
151701	81.245926	0.014245
151801	62.618344	0.018495
151901	101.004453	0.011474
152001	280.234193	0.004138
152101	280.899007	0.004131
152201	346.963957	0.003347
152301	127.037392	0.009147
152401	137.085389	0.008482
152501	178.287723	0.006526
152601	354.485930	0.003284
152701	76.613898	0.015206
152801	64.383079	0.018107
152901	73.896452	0.015786
153001	102.350782	0.011405
153101	1212.510608	0.000963
153201	85.647416	0.013647
153301	130.593905	0.008956
153401	394.865673	0.002964
153501	176.971699	0.006618
153601	1077.780807	0.001087
153701	129.796299	0.009035
153801	125.117270	0.009378
153901	178.390395	0.006582
154001	359.216432	0.003271
154101	1117.827836	0.001052
154201	358.394284	0.003283
154301	61.834351	0.019038
154401	134.306190	0.008771
154501	171.206439	0.006885
154601	223.770705	0.005271
154701	386.259244	0.003056
154801	372.908388	0.003167
154901	107.005746	0.011044
155001	168.844632	0.007004
155101	50.575296	0.023397
155201	99.791583	0.011866
155301	89.034682	0.013308
155401	115.969580	0.010224
155501	269.346419	0.004405
155601	99.794794	0.011896
155701	54.146255	0.021939
155801	774.919221	0.001534
155901	74.109673	0.016050
156001	157.848699	0.007540
156101	65.708376	0.018125
156201	300.354986	0.003968
156301	140.370453	0.008495
156401	67.984295	0.017552
156501	50.685861	0.023557
156601	88.063718	0.013567
156701	67.686697	0.017663
156801	243.269590	0.004918
156901	107.917845	0.011092
157001	153.915660	0.007782
157101	101.324231	0.011829
157201	68.114081	0.017608
157301	984.253509	0.001219
157401	62.664431	0.019164
157501	134.282223	0.008949
157601	94.630262	0.012706
157701	166.759919	0.007215
157801	367.072803	0.003280
157901	291.655706	0.004131
158001	303.814877	0.003968
158101	187.118494	0.006446
158201	158.529564	0.007614
158301	165.989684	0.007276
158401	379.014069	0.003189
158501	153.851846	0.007860
158601	112.240603	0.010781
158701	307.222952	0.003941
158801	114.915772	0.010543
158901	71.951873	0.016849
159001	112.930332	0.010742
159101	335.274866	0.003620
159201	143.028888	0.008492
159301	281.528856	0.004317
159401	104.130294	0.011679
159501	365.201455	0.003332
159601	106.486936	0.011435
159701	234.755293	0.005190
159801	350.963587	0.003474
159901	86.155185	0.014160
160001	76.794658	0.015896
160101	45.327526	0.026948
160201	177.262625	0.006895
160301	62.933430	0.019433
160401	228.397525	0.005358
160501	81.676098	0.014992
160601	174.003864	0.007042
160701	165.569422	0.007405
160801	132.266072	0.009275
160901	87.571497	0.014018
161001	274.868409	0.004469
161101	162.417989	0.007568
161201	94.488995	0.013016
161301	270.006859	0.004558
161401	306.958027	0.004012
161501	146.999798	0.008382
161601	338.811135	0.003639
161701	326.166211	0.003782
161801	278.067934	0.004439
161901	182.276771	0.006777
162001	1205.069392	0.001026
162101	70.895537	0.017444
162201	165.428728	0.007481
162301	278.266486	0.004450
162401	107.584568	0.011517
162501	164.933303	0.007517
162601	85.531479	0.014504
162701	321.152067	0.003865
162801	53.519798	0.023208
162901	113.472678	0.010953
163001	318.049027	0.003910
163101	77.886838	0.015977
163201	110.329254	0.011286
163301	146.137194	0.008525
163401	179.184180	0.006957
163501	169.116463	0.007376
163601	307.826657	0.004055
163701	1148.256145	0.001088
163801	360.635935	0.003465
163901	170.866240	0.007318
164001	56.230180	0.022252
164101	108.642235	0.011524
164201	183.654613	0.006821
164301	137.306419	0.009129
164401	61.552869	0.020377
164501	101.141317	0.012409
164601	119.609853	0.010499
164701	161.125054	0.007799
164801	314.249720	0.004001
164901	107.698515	0.011682
165001	422.789875	0.002978
165101	299.370626	0.004208
165201	115.640924	0.010899
165301	171.682313	0.007346
165401	138.528911	0.009109
165501	195.347285	0.006464
165601	1305.243371	0.000968
165701	62.585452	0.020200
165801	261.109207	0.004845
165901	356.834797	0.003547
166001	370.204411	0.003421
166101	1383.458671	0.000916
166201	379.815036	0.003339
166301	1316.269670	0.000964
166401	115.214089	0.011019
166501	126.456471	0.010045
166601	83.113447	0.015293
166701	59.942703	0.021217
166801	158.477268	0.008030
166901	95.285100	0.013364
167001	62.724242	0.020313
167101	52.696173	0.024193
167201	273.221933	0.004669
167301	51.660753	0.024707
167401	142.016165	0.008993
167501	108.153839	0.011816
167601	102.990915	0.012416
167701	310.702199	0.004118
167801	177.686010	0.007205
167901	1111.534473	0.001152
168001	218.432669	0.005868
168101	820.290868	0.001563
168201	166.947113	0.007687
168301	125.692672	0.010216
168401	330.649466	0.003886
168501	396.335312	0.003244
168601	1415.575760	0.000909
168701	130.979763	0.009827
168801	102.906743	0.012515
168901	247.002765	0.005217
169001	35.362818	0.036461
169101	121.905923	0.010583
169201	1440.888708	0.000896
169301	139.828006	0.009238
169401	148.406118	0.008709
169501	81.643147	0.015840
169601	90.467964	0.014303
169701	135.024711	0.009589
169801	110.076899	0.011769
169901	287.539695	0.004508
170001	130.848082	0.009912
170101	141.314336	0.009184
170201	86.569696	0.015000
170301	59.931926	0.021679
170401	93.095590	0.013965
170501	143.319294	0.009076
170601	206.795134	0.006294
170701	319.239558	0.004080
170801	279.196893	0.004667
170901	193.853321	0.006726
171001	104.803934	0.012448
171101	282.569547	0.004620
171201	103.008359	0.012680
171301	1830.806724	0.000714
171401	347.276191	0.003766
171501	96.823714	0.013514
171601	167.289975	0.007826
171701	327.504594	0.004000
171801	381.888256	0.003432
171901	308.373661	0.004253
172001	68.668811	0.019110
172101	64.439628	0.020376
172201	355.290849	0.003698
172301	119.391295	0.011010
172401	88.980079	0.014782
172501	192.649512	0.006831
172601	96.526460	0.013642
172701	86.142557	0.015296
172801	55.829040	0.023614
172901	64.590504	0.020423
173001	111.782636	0.011808
173101	129.447920	0.010202
173201	278.148795	0.004751
173301	102.966845	0.012841
173401	319.844663	0.004136
173501	292.971533	0.004518
173601	383.437240	0.003454
173701	388.833405	0.003408
173801	1145.535750	0.001158
173901	285.474790	0.004648
174001	555.832447	0.002388
174101	271.040414	0.004901
174201	145.632082	0.009126
174301	403.850321	0.003293
174401	327.977999	0.004057
174501	109.129803	0.012200
174601	167.341647	0.007960
174701	72.945866	0.018272
174801	251.489769	0.005303
174901	267.504022	0.004988
175001	134.773015	0.009907
175101	203.226628	0.006574
175201	1152.936766	0.001159
175301	76.935934	0.017384
175401	65.082672	0.020562
175501	71.155269	0.018818
175601	83.889669	0.015970
175701	105.228394	0.012739
175801	165.796816	0.008090
175901	178.683994	0.007511
176001	166.851520	0.008048
176101	139.137136	0.009656
176201	420.047734	0.003200
176301	1389.353995	0.000968
176401	92.368310	0.014570
176501	148.380405	0.009075
176601	91.692841	0.014694
176701	77.702333	0.017350
176801	63.624475	0.021201
176901	1167.851094	0.001156
177001	172.992977	0.007806
177101	138.220733	0.009775
177201	98.072251	0.013785
177301	183.024642	0.007391
177401	319.386898	0.004238
177501	351.871325	0.003849
177601	195.052718	0.006947
177701	208.941774	0.006489
177801	89.200591	0.015207
177901	390.296345	0.003478
178001	358.203297	0.003791
178101	1103.100652	0.001232
178201	200.169917	0.006792
178301	349.355057	0.003894
178401	1477.137856	0.000921
178501	128.241569	0.010619
178601	196.566539	0.006932
178701	111.493743	0.012228
178801	425.462859	0.003206
178901	120.932792	0.011286
179001	187.576272	0.007281
179101	341.204858	0.004005
179201	386.153634	0.003541
179301	1178.693638	0.001161
179401	126.634094	0.010808
179501	1329.564302	0.001030
179601	183.767568	0.007456
179701	122.063060	0.011232
179801	352.938688	0.003887
179901	188.525549	0.007280
180001	74.521162	0.018428
180101	168.250732	0.008167
180201	183.776555	0.007481
180301	236.718291	0.005811
180401	107.123297	0.012848
180501	289.593457	0.004755
180601	94.804167	0.014534
180701	213.971011	0.006443
180801	1263.435085	0.001092
180901	404.862696	0.003409
181001	185.153749	0.007458
181101	122.855558	0.011246
181201	147.111253	0.009397
181301	538.790313	0.002567
181401	146.539594	0.009444
181501	194.908067	0.007105
181601	258.206688	0.005366
181701	70.936654	0.019542
181801	145.781522	0.009514
181901	99.375308	0.013965
182001	172.875427	0.008032
182101	431.856433	0.003217
182201	346.225419	0.004015
182301	123.689036	0.011245
182401	61.346490	0.022684
182501	213.725478	0.006515
182601	387.610947	0.003594
182701	360.583205	0.003866
182801	1104.717025	0.001262
182901	206.645464	0.006753
183001	263.905959	0.005290
183101	230.244468	0.006067
183201	1259.922565	0.001109
183301	120.697124	0.011587
183401	186.110357	0.007518
183501	160.241818	0.008737
183601	112.670655	0.012432
183701	360.783611	0.003885
183801	337.381558	0.004156
183901	254.214637	0.005519
184001	78.190578	0.017954
184101	189.303353	0.007420
184201	161.782762	0.008687
184301	70.150296	0.020044
184401	185.479894	0.007585
184501	108.550433	0.012968
184601	131.721952	0.010692
184701	109.898162	0.012822
184801	109.416696	0.012886
184901	225.430414	0.006258
185001	207.180746	0.006813
185101	105.498551	0.013386
185201	208.247535	0.006785
185301	252.202165	0.005606
185401	544.110977	0.002600
185501	97.989945	0.014443
185601	70.099934	0.020200
185701	178.426693	0.007940
185801	348.132745	0.004072
185901	113.314892	0.012517
186001	81.091215	0.017500
186101	195.167410	0.007275
186201	409.364869	0.003470
186301	107.040764	0.013279
186401	292.669757	0.004859
186501	153.586991	0.009264
186601	100.104873	0.014222
186701	217.134237	0.006560
186801	368.900589	0.003863
186901	1110.929066	0.001284
187001	78.397558	0.018198
187101	86.652074	0.016474
187201	223.255333	0.006397
187301	116.127857	0.012305
187401	134.566641	0.010625
187501	98.705274	0.014493
187601	288.368105	0.004963
187701	79.895770	0.017924
187801	103.475745	0.013847
187901	123.777824	0.011582
188001	179.723779	0.007981
188101	163.891912	0.008756
188201	179.037917	0.008020
188301	208.892349	0.006877
188401	378.178761	0.003801
188501	152.991242	0.009400
188601	334.212310	0.004305
188701	75.021465	0.019190
188801	227.521947	0.006331
188901	134.331116	0.010729
189001	54.054781	0.026676
189101	544.334726	0.002650
189201	188.312996	0.007665
189301	113.660158	0.012707
189401	140.290104	0.010300
189501	65.105132	0.022207
189601	118.208945	0.012237
189701	288.683253	0.005013
189801	457.919276	0.003162
189901	435.155817	0.003329
190001	306.833880	0.004724
190101	127.980166	0.011333
190201	144.421206	0.010048
190301	89.976679	0.016136
190401	170.707031	0.008510
190501	138.142492	0.010521
190601	663.615106	0.002191
190701	251.346991	0.005789
190801	141.483154	0.010289
190901	1482.841498	0.000982
191001	170.826844	0.008530
191101	108.271604	0.013466
191201	140.612976	0.010374
191301	152.982229	0.009540
191401	134.522286	0.010855
191501	285.326634	0.005121
191601	255.826590	0.005714
191701	97.920450	0.014936
191801	129.945445	0.011261
191901	199.682182	0.007332
192001	191.099065	0.007665
192101	1087.156323	0.001348
192201	448.796841	0.003267
192301	378.002461	0.003881
192401	206.383616	0.007112
192501	1135.796863	0.001293
192601	93.599416	0.015699
192701	90.503965	0.016245
192801	239.446325	0.006143
192901	183.874463	0.008004
193001	132.710845	0.011095
193101	386.832965	0.003808
193201	337.007596	0.004374
193301	422.891026	0.003487
193401	1453.203208	0.001015
193501	127.737265	0.011557
193601	205.890531	0.007174
193701	166.516762	0.008875
193801	127.784719	0.011571
193901	285.894655	0.005174
194001	448.397637	0.003301
194101	1538.154971	0.000963
194201	103.951588	0.014253
194301	119.305451	0.012425
194401	401.576161	0.003693
194501	204.238688	0.007266
194601	180.875185	0.008208
194701	1537.778319	0.000966
194801	111.245600	0.013360
194901	164.946004	0.009015
195001	1555.027811	0.000957
195101	179.959937	0.008271
195201	232.120061	0.006416
195301	1643.876192	0.000906
195401	94.081763	0.015846
195501	142.423087	0.010473
195601	355.025342	0.004203
195701	1547.320455	0.000965
195801	142.644688	0.010472
195901	85.550073	0.017471
196001	79.174274	0.018887
196101	75.506980	0.019814
196201	134.811501	0.011104
196301	225.478138	0.006642
196401	140.687811	0.010651
196501	80.804478	0.018553
196601	317.012815	0.004732
196701	151.987830	0.009874
196801	87.881645	0.017085
196901	76.755507	0.019572
197001	1659.300340	0.000906
197101	64.706413	0.023240
197201	160.889143	0.009351
197301	156.719338	0.009605
197401	182.171326	0.008267
197501	441.356682	0.003414
197601	99.517473	0.015149

===================================================================================
=   BAD TERMINATION OF ONE OF YOUR APPLICATION PROCESSES
=   PID 107640 RUNNING AT vnode-06.dydaktyka.icsr.agh.edu.pl
=   EXIT CODE: 9
=   CLEANING UP REMAINING PROCESSES
=   YOU CAN IGNORE THE BELOW CLEANUP MESSAGES
===================================================================================
