1	0.002961	0.002577
101	0.266188	0.002895
201	1.471465	0.001042
301	0.762885	0.003010
401	3.304262	0.000926
501	1.241126	0.003080
601	5.949017	0.000771
701	1.725746	0.003099
801	8.455830	0.000723
901	2.256276	0.003047
1001	9.992301	0.000764
1101	2.517931	0.003336
1201	2.322948	0.003945
1301	6.618515	0.001500
1401	3.335226	0.003205
1501	5.215279	0.002196
1601	11.788989	0.001036
1701	4.112227	0.003156
1801	14.373750	0.000956
1901	5.218155	0.002779
2001	14.704571	0.001038
2101	5.441485	0.002946
2201	19.435392	0.000864
2301	5.722965	0.003068
2401	15.804201	0.001159
2501	6.942368	0.002749
2601	21.874668	0.000907
2701	11.593796	0.001777
2801	13.828031	0.001545
2901	7.362544	0.003006
3001	14.285187	0.001603
3101	7.606745	0.003110
3201	18.913813	0.001291
3301	8.371696	0.003008
3401	8.363113	0.003103
3501	20.748820	0.001287
3601	8.339593	0.003294
3701	9.487669	0.002976
3801	22.460713	0.001291
3901	9.562123	0.003113
4001	9.459530	0.003227
4101	60.090223	0.000521
4201	16.492317	0.001943
4301	16.402099	0.002001
4401	10.210995	0.003288
4501	19.963212	0.001720
4601	14.820593	0.002369
4701	21.290285	0.001685
4801	12.927321	0.002833
4901	10.908334	0.003428
5001	44.187613	0.000863
5101	11.660029	0.003338
5201	12.005438	0.003305
5301	14.426117	0.002803
5401	22.685011	0.001816
5501	13.476029	0.003114
5601	12.419008	0.003441
5701	37.370609	0.001164
5801	13.281587	0.003332
5901	21.911900	0.002055
6001	23.517758	0.001947
6101	13.180200	0.003532
6201	15.924368	0.002971
6301	40.209494	0.001196
6401	15.441286	0.003163
6501	38.200675	0.001298
6601	15.840469	0.003179
6701	17.694656	0.002889
6801	48.433888	0.001071
6901	16.966560	0.003103
7001	38.004399	0.001405
7101	19.797504	0.002737
7201	73.569490	0.000747
7301	20.718647	0.002689
7401	21.020753	0.002686
7501	28.817974	0.001986
7601	18.322386	0.003165
7701	23.407716	0.002510
7801	28.103997	0.002118
7901	17.611545	0.003423
8001	17.715422	0.003446
8101	23.380020	0.002644
8201	34.276684	0.001825
8301	17.368566	0.003646
8401	18.656300	0.003436
8501	32.898036	0.001971
8601	26.627768	0.002464
8701	9.913492	0.006696
8801	51.584348	0.001302
8901	19.445682	0.003492
9001	20.908261	0.003284
9101	19.672991	0.003529
9201	47.113876	0.001490
9301	20.100882	0.003530
9401	21.045389	0.003408
9501	21.791742	0.003326
9601	45.287605	0.001617
9701	23.814125	0.003108
9801	22.649960	0.003301
9901	58.134520	0.001299
10001	23.144992	0.003297
10101	23.099372	0.003336
10201	74.965937	0.001038
10301	23.907135	0.003287
10401	23.515571	0.003375
10501	60.587329	0.001322
10601	31.333199	0.002581
10701	23.417713	0.003486
10801	34.327740	0.002401
10901	34.071571	0.002441
11001	27.792121	0.003020
11101	48.982975	0.001729
11201	34.774818	0.002457
11301	149.322030	0.000577
11401	27.278505	0.003189
11501	83.879884	0.001046
11601	29.299971	0.003021
11701	30.253383	0.002951
11801	65.481333	0.001375
11901	27.491220	0.003303
12001	25.939677	0.003530
12101	28.498115	0.003240
12201	68.230015	0.001364
12301	26.898894	0.003489
12401	30.208108	0.003132
12501	73.555101	0.001297
12601	28.918209	0.003324
12701	123.318279	0.000786
12801	30.168646	0.003237
12901	28.893996	0.003406
13001	31.372291	0.003162
13101	130.414839	0.000766
13201	131.522090	0.000766
13301	20.897849	0.004856
13401	43.222709	0.002365
13501	31.923624	0.003227
13601	69.174816	0.001500
13701	35.008547	0.002986
13801	31.565003	0.003336
13901	29.401488	0.003607
14001	41.597646	0.002568
14101	57.785722	0.001862
14201	38.035435	0.002849
14301	37.640698	0.002899
14401	60.613359	0.001813
14501	34.221975	0.003233
14601	53.625781	0.002077
14701	55.108274	0.002035
14801	36.268866	0.003113
14901	100.887091	0.001127
15001	28.690884	0.003989
15101	34.414638	0.003348
15201	34.111851	0.003400
15301	33.050231	0.003532
15401	73.150151	0.001606
15501	37.515417	0.003152
15601	36.396218	0.003270
15701	93.561667	0.001280
15801	34.257568	0.003519
15901	39.067349	0.003105
16001	47.375637	0.002577
16101	66.221502	0.001855
16201	39.339186	0.003142
16301	37.042923	0.003357
16401	74.493166	0.001680
16501	36.067591	0.003490
16601	39.276489	0.003225
16701	110.543981	0.001153
16801	40.462813	0.003168
16901	37.750143	0.003416
17001	38.764804	0.003346
17101	38.326716	0.003404
17201	95.753064	0.001371
17301	38.720358	0.003409
17401	34.348791	0.003865
17501	148.025442	0.000902
17601	42.746179	0.003141
17701	41.957070	0.003219
17801	38.878050	0.003493
17901	125.811652	0.001086
18001	41.519765	0.003308
18101	40.259069	0.003430
18201	39.302052	0.003533
18301	86.504263	0.001614
18401	40.264593	0.003487
18501	39.973170	0.003531
18601	43.968362	0.003228
18701	109.091719	0.001308
18801	46.729096	0.003070
18901	158.734398	0.000908
19001	48.132610	0.003012
19101	39.152686	0.003722
19201	53.735448	0.002726
19301	40.856910	0.003604
19401	62.279600	0.002377
19501	48.997735	0.003036
19601	24.029074	0.006223
19701	194.655575	0.000772
19801	160.566315	0.000941
19901	35.192583	0.004314
20001	84.488839	0.001806
20101	252.615273	0.000607
20201	59.728231	0.002580
20301	172.644612	0.000897
20401	31.892457	0.004880
20501	17.101388	0.009146
20601	69.837323	0.002251
20701	122.530465	0.001289
20801	53.076337	0.002990
20901	45.038274	0.003541
21001	51.381946	0.003118
21101	22.823161	0.007054
21201	178.778885	0.000905
21301	70.258764	0.002313
21401	26.737470	0.006107
21501	218.630399	0.000750
21601	127.698319	0.001291
21701	102.117748	0.001621
21801	10.495551	0.015848
21901	38.044189	0.004392
22001	38.141211	0.004401
22101	98.726701	0.001708
22201	329.163244	0.000515
22301	45.028529	0.003779
22401	44.264787	0.003861
22501	41.764918	0.004110
22601	43.910958	0.003927
22701	38.689121	0.004477
22801	37.375155	0.004654
22901	35.765584	0.004885
23001	41.502171	0.004228
23101	41.948331	0.004202
23201	117.245546	0.001510
23301	58.921471	0.003017
23401	43.057578	0.004146
23501	41.819964	0.004287
23601	46.497997	0.003872
23701	39.034750	0.004632
23801	46.013935	0.003946
23901	89.247369	0.002043
24001	65.236533	0.002807
24101	22.716611	0.008094
24201	19.871406	0.009292
24301	31.182828	0.005946
24401	58.042700	0.003207
24501	55.010870	0.003398
24601	47.408013	0.003959
24701	55.725881	0.003382
24801	55.047652	0.003437
24901	117.528232	0.001616
25001	54.861737	0.003477
25101	58.870586	0.003253
25201	183.906464	0.001045
25301	61.061827	0.003161
25401	52.939490	0.003661
25501	58.074402	0.003350
25601	40.417994	0.004833
25701	50.688390	0.003868
25801	51.684505	0.003809
25901	62.095559	0.003182
26001	336.089939	0.000590
26101	65.007126	0.003063
26201	155.340698	0.001287
26301	47.475017	0.004227
26401	77.983039	0.002583
26501	48.378903	0.004179
26601	65.451517	0.003101
26701	118.535964	0.001719
26801	59.424981	0.003441
26901	44.641257	0.004598
27001	36.595819	0.005629
27101	19.356950	0.010682
27201	38.800976	0.005349
27301	63.206886	0.003295
27401	15.953224	0.013104
27501	178.985815	0.001172
27601	243.984108	0.000863
27701	29.484865	0.007168
27801	25.915316	0.008185
27901	26.947853	0.007899
28001	50.216366	0.004254
28101	68.047045	0.003151
28201	63.808983	0.003372
28301	98.485932	0.002192
28401	85.318986	0.002540
28501	52.566579	0.004137
28601	115.159623	0.001895
28701	328.832823	0.000666
28801	381.431346	0.000576
28901	318.859053	0.000692
29001	100.686095	0.002198
29101	706.247903	0.000314
29201	707.889414	0.000315
29301	712.125922	0.000314
29401	829.790762	0.000270
29501	834.183693	0.000270
29601	827.693357	0.000273
29701	98.403586	0.002303
29801	840.735363	0.000270
29901	841.257657	0.000271
30001	568.948679	0.000402
30101	565.072974	0.000406
30201	79.062357	0.002914
30301	576.851402	0.000401
30401	73.819981	0.003142
30501	191.571701	0.001215
30601	32.498387	0.007184
30701	244.194462	0.000959
30801	104.752128	0.002243
30901	104.973269	0.002246
31001	199.483533	0.001186
31101	141.036454	0.001682
31201	274.777365	0.000866
31301	81.592909	0.002927
31401	557.566032	0.000430
31501	429.514525	0.000560
31601	744.280847	0.000324
31701	161.212522	0.001500
31801	200.112373	0.001212
31901	918.787382	0.000265
32001	835.463619	0.000292
32101	924.952488	0.000265
32201	802.856640	0.000306
32301	728.267462	0.000338
32401	104.771721	0.002359
32501	384.211772	0.000645
32601	490.077772	0.000508
32701	166.071846	0.001502
32801	142.838389	0.001752
32901	326.100887	0.000770
33001	356.100725	0.000707
33101	380.873672	0.000663
33201	475.130218	0.000533
33301	217.018146	0.001171
33401	80.843292	0.003152
33501	352.693090	0.000725
33601	375.993247	0.000682
33701	227.105831	0.001132
33801	431.127350	0.000598
33901	379.585887	0.000681
34001	470.931481	0.000551
34101	1179.665435	0.000221
34201	103.693881	0.002516
34301	465.411836	0.000562
34401	650.383951	0.000404
34501	593.708981	0.000443
34601	475.177391	0.000556
34701	74.922603	0.003534
34801	128.646768	0.002064
34901	903.140493	0.000295
35001	777.840090	0.000343
35101	897.699122	0.000298
35201	901.905173	0.000298
35301	1034.574414	0.000260
35401	897.802409	0.000301
35501	1194.926472	0.000227
35601	1481.400884	0.000183
35701	142.956345	0.001905
35801	374.481566	0.000729
35901	604.471951	0.000453
36001	1276.268790	0.000215
36101	1233.416643	0.000223
36201	823.593134	0.000335
36301	103.791479	0.002668
36401	538.480415	0.000516
36501	44.604477	0.006243
36601	104.935918	0.002661
36701	285.695708	0.000980
36801	94.278470	0.002978
36901	79.455984	0.003543
37001	538.520987	0.000524
37101	84.682598	0.003343
37201	330.536577	0.000859
37301	442.781295	0.000643
37401	99.955189	0.002855
37501	218.807851	0.001308
37601	151.227518	0.001897
37701	662.119410	0.000434
37801	304.179609	0.000948
37901	108.024181	0.002677
38001	25.212802	0.011499
38101	170.641847	0.001703
38201	43.443999	0.006709
38301	41.756415	0.006998
38401	33.441324	0.008761
38501	15.517933	0.018929
38601	24.061678	0.012239
38701	169.755225	0.001739
38801	151.720938	0.001951
38901	195.386289	0.001519
39001	30.108382	0.009883
39101	276.346460	0.001080
39201	40.418194	0.007400
39301	25.072457	0.011959
39401	100.988741	0.002977
39501	84.800381	0.003554
39601	61.152144	0.004941
39701	65.271213	0.004641
39801	158.529013	0.001915
39901	698.355199	0.000436
40001	275.728761	0.001107
40101	40.037435	0.007642
40201	263.200600	0.001165
40301	128.400919	0.002395
40401	280.135641	0.001100
40501	65.099551	0.004747
40601	65.529964	0.004727
40701	35.963297	0.008634
40801	23.225649	0.013403
40901	413.130207	0.000755
41001	56.753238	0.005512
41101	64.243778	0.004881
41201	55.457314	0.005668
41301	133.824903	0.002355
41401	292.940501	0.001078
41501	246.388305	0.001285
41601	117.328554	0.002705
41701	38.872906	0.008184
41801	375.997387	0.000848
41901	80.784456	0.003957
42001	46.991010	0.006819
42101	39.992923	0.008032
42201	34.251018	0.009400
42301	49.250556	0.006553
42401	78.106371	0.004142
42501	48.795647	0.006645
42601	470.770239	0.000690
42701	214.997477	0.001515
42801	258.121025	0.001265
42901	238.607585	0.001372
43001	51.522917	0.006367
43101	502.712500	0.000654
43201	436.159156	0.000756
43301	122.864990	0.002689
43401	19.134851	0.017305
43501	29.931228	0.011088
43601	21.529771	0.015451
43701	39.646012	0.008410
43801	92.526268	0.003612
43901	18.680838	0.017929
44001	297.262128	0.001129
44101	40.137476	0.008383
44201	48.612906	0.006937
44301	77.863926	0.004341
44401	49.533966	0.006839
44501	145.824377	0.002328
44601	199.179122	0.001708
44701	22.380592	0.015238
44801	20.176065	0.016941
44901	268.169350	0.001277
45001	49.383830	0.006952
45101	89.107486	0.003862
45201	34.680193	0.009944
45301	26.540107	0.013023
45401	55.704254	0.006218
45501	98.581826	0.003521
45601	339.637047	0.001024
45701	52.307040	0.006666
45801	210.127628	0.001663
45901	112.887113	0.003102
46001	116.493797	0.003013
46101	40.882555	0.008603
46201	30.053677	0.011729
46301	113.517180	0.003112
46401	32.535330	0.010881
46501	22.358411	0.015868
46601	24.636616	0.014431
46701	20.744605	0.017176
46801	415.537937	0.000859
46901	40.977328	0.008732
47001	72.077289	0.004975
47101	102.594771	0.003503
47201	94.230930	0.003822
47301	84.087072	0.004292
47401	100.655227	0.003593
47501	182.914715	0.001981
47601	188.568632	0.001926
47701	123.387203	0.002949
47801	489.133427	0.000746
47901	211.269440	0.001730
48001	77.484592	0.004726
48101	41.323816	0.008881
48201	154.135787	0.002386
48301	372.555064	0.000989
48401	583.650600	0.000633
48501	593.485571	0.000623
48601	88.674119	0.004182
48701	37.521950	0.009902
48801	26.385835	0.014111
48901	67.375674	0.005537
49001	690.189936	0.000542
49101	689.599387	0.000543
49201	147.885629	0.002538
49301	324.675789	0.001158
49401	415.027807	0.000908
49501	49.230359	0.007671
49601	79.510045	0.004759
49701	26.053133	0.014554
49801	146.810316	0.002588
49901	507.192126	0.000751
50001	65.691423	0.005807
50101	178.129158	0.002146
50201	858.486071	0.000446
50301	551.818154	0.000695
50401	502.237883	0.000766
50501	55.971716	0.006884
50601	59.681029	0.006469
50701	97.414795	0.003971
50801	299.685663	0.001293
50901	90.159563	0.004307
51001	32.452802	0.011990
51101	40.415758	0.009646
51201	20.768652	0.018809
51301	26.508336	0.014765
51401	61.077749	0.006421
51501	216.274893	0.001817
51601	79.407427	0.004958
51701	37.127700	0.010624
51801	130.551176	0.003027
51901	86.413929	0.004582
52001	118.231686	0.003356
52101	44.941336	0.008845
52201	139.043821	0.002864
52301	338.738734	0.001178
52401	106.829584	0.003742
52501	44.792851	0.008942
52601	38.470108	0.010432
52701	67.312033	0.005973
52801	63.898917	0.006304
52901	93.536168	0.004315
53001	52.472914	0.007706
53101	104.680264	0.003870
53201	86.733988	0.004680
53301	125.638268	0.003237
53401	109.599421	0.003717
53501	529.662619	0.000771
53601	150.380315	0.002719
53701	151.593714	0.002703
53801	65.683641	0.006249
53901	127.821274	0.003217
54001	472.888115	0.000871
54101	127.762461	0.003231
54201	427.151299	0.000968
54301	44.327658	0.009346
54401	53.373655	0.007776
54501	106.112746	0.003919
54601	350.086402	0.001190
54701	212.098357	0.001968
54801	112.836930	0.003705
54901	56.906766	0.007360
55001	48.664330	0.008623
55101	107.912302	0.003896
55201	135.465255	0.003109
55301	202.845084	0.002080
55401	117.463798	0.003598
55501	101.602186	0.004168
55601	214.164321	0.001981
55701	635.979972	0.000668
55801	22.748976	0.018714
55901	500.398559	0.000852
56001	358.267292	0.001193
56101	132.802195	0.003223
56201	110.995707	0.003863
56301	307.784568	0.001396
56401	55.743698	0.007719
56501	60.992307	0.007068
56601	51.777984	0.008340
56701	168.493396	0.002567
56801	250.578253	0.001729
56901	112.204753	0.003869
57001	581.115897	0.000748
57101	184.753869	0.002358
57201	31.793055	0.013727
57301	251.108496	0.001741
57401	271.214111	0.001615
57501	226.612121	0.001936
57601	86.982433	0.005052
57701	377.583804	0.001166
57801	152.397738	0.002894
57901	88.822435	0.004973
58001	130.463564	0.003392
58101	54.763438	0.008094
58201	324.653523	0.001368
58301	328.651393	0.001353
58401	46.359506	0.009611
58501	21.079095	0.021174
58601	61.925497	0.007220
58701	82.587278	0.005423
58801	41.393293	0.010838
58901	32.556278	0.013803
59001	175.662927	0.002563
59101	168.917794	0.002669
59201	251.590142	0.001795
59301	149.612657	0.003024
59401	53.287073	0.008505
59501	120.137321	0.003779
59601	237.560128	0.001914
59701	85.509603	0.005327
59801	92.165365	0.004950
59901	88.645659	0.005155
60001	76.638889	0.005973
60101	233.379815	0.001965
60201	151.266148	0.003036
60301	43.158288	0.010660
60401	43.623830	0.010564
60501	42.440444	0.010876
60601	208.849670	0.002214
60701	659.991389	0.000702
60801	767.559142	0.000604
60901	142.239480	0.003267
61001	361.903266	0.001286
61101	378.765233	0.001231
61201	878.902652	0.000531
61301	598.556811	0.000781
61401	131.125987	0.003573
61501	71.368471	0.006575
61601	120.181716	0.003911
61701	455.103735	0.001034
61801	462.249180	0.001020
61901	439.171402	0.001075
62001	1096.919654	0.000431
62101	1223.457556	0.000387
62201	263.370729	0.001802
62301	308.901005	0.001539
62401	646.658029	0.000736
62501	294.350200	0.001620
62601	377.229302	0.001266
62701	108.118257	0.004425
62801	162.240177	0.002953
62901	129.549217	0.003704
63001	325.348886	0.001477
63101	82.095396	0.005864
63201	51.917604	0.009288
63301	74.977761	0.006441
63401	43.179558	0.011202
63501	242.579206	0.001997
63601	202.326510	0.002398
63701	223.266658	0.002177
63801	205.341830	0.002371
63901	376.244044	0.001296
64001	47.126144	0.010361
64101	58.182864	0.008405
64201	323.213779	0.001515
64301	449.544137	0.001091
64401	207.607411	0.002367
64501	55.655162	0.008842
64601	36.401567	0.013540
64701	27.853352	0.017722
64801	76.562989	0.006457
64901	125.475159	0.003946
65001	167.198529	0.002966
65101	93.479512	0.005313
65201	222.310613	0.002238
65301	666.231341	0.000748
65401	122.216472	0.004083
65501	398.025976	0.001256
65601	108.251963	0.004623
65701	57.242142	0.008757
65801	940.056089	0.000534
65901	566.177191	0.000888
66001	75.972700	0.006628
66101	346.330202	0.001456
66201	143.404212	0.003522
66301	418.692532	0.001208
66401	38.350190	0.013210
66501	513.549797	0.000988
66601	682.576563	0.000744
66701	363.177782	0.001401
66801	315.556755	0.001615
66901	82.099696	0.006217
67001	41.930508	0.012191
67101	29.744883	0.017211
67201	27.908157	0.018371
67301	108.123078	0.004749
67401	143.124056	0.003593
67501	284.724229	0.001809
67601	524.552010	0.000983
67701	41.470660	0.012455
67801	49.144473	0.010526
67901	273.157047	0.001897
68001	674.929900	0.000769
68101	81.729469	0.006357
68201	187.335700	0.002778
68301	31.991101	0.016289
68401	35.519146	0.014692
68501	110.575213	0.004726
68601	37.694720	0.013885
68701	35.613351	0.014718
68801	84.592798	0.006205
68901	181.113974	0.002902
69001	76.640106	0.006869
69101	47.705363	0.011051
69201	49.742497	0.010614
69301	256.683890	0.002060
69401	261.859747	0.002022
69501	73.121778	0.007252
69601	36.313774	0.014623
69701	200.756662	0.002649
69801	261.409218	0.002037
69901	99.841335	0.005341
70001	55.811029	0.009569
70101	104.378719	0.005124
70201	87.292537	0.006136
70301	612.837526	0.000875
70401	632.841240	0.000849
70501	29.631208	0.018152
70601	56.804913	0.009482
70701	359.806444	0.001499
70801	32.846956	0.016445
70901	154.880518	0.003493
71001	103.187099	0.005250
71101	100.234667	0.005412
71201	153.617685	0.003536
71301	30.086615	0.018081
71401	411.596851	0.001323
71501	209.981929	0.002598
71601	33.927168	0.016101
71701	285.738828	0.001914
71801	20.016448	0.027367
71901	57.983473	0.009461
72001	70.221002	0.007823
72101	156.465375	0.003516
72201	220.821164	0.002495
72301	66.375567	0.008310
72401	374.097996	0.001477
72501	150.080803	0.003686
72601	72.709976	0.007618
72701	137.606361	0.004031
72801	824.450705	0.000674
72901	799.534892	0.000696
73001	20.543152	0.027111
73101	40.035588	0.013931
73201	100.346523	0.005566
73301	249.962085	0.002237
73401	49.083616	0.011409
73501	48.082292	0.011663
73601	166.907357	0.003364
73701	1093.220935	0.000514
73801	182.274631	0.003089
73901	470.669130	0.001198
74001	111.546234	0.005061
74101	46.461858	0.012168
74201	42.131998	0.013437
74301	90.043465	0.006296
74401	34.478321	0.016464
74501	187.006793	0.003039
74601	182.430385	0.003120
74701	673.388172	0.000846
74801	212.871396	0.002681
74901	891.870392	0.000641
75001	888.596057	0.000644
75101	35.769502	0.016019
75201	51.880236	0.011059
75301	82.928058	0.006928
75401	48.247245	0.011923
75501	129.805841	0.004438
75601	158.987476	0.003628
75701	143.753946	0.004018
75801	46.315101	0.012487
75901	67.042722	0.008637
76001	293.347867	0.001977
76101	165.596035	0.003506
76201	146.711744	0.003963
76301	120.890744	0.004815
76401	333.680759	0.001747
76501	47.425818	0.012307
76601	75.697637	0.007720
76701	47.238976	0.012388
76801	182.694996	0.003207
76901	36.256521	0.016182
77001	131.359130	0.004472
77101	55.476099	0.010603
77201	81.328140	0.007242
77301	242.767404	0.002429
77401	129.485697	0.004561
77501	59.063073	0.010011
77601	95.309876	0.006212
77701	154.459368	0.003838
77801	824.539834	0.000720
77901	831.372677	0.000715
78001	82.972514	0.007172
78101	178.991468	0.003329
78201	56.643351	0.010533
78301	80.373099	0.007433
78401	98.204204	0.006091
78501	926.623846	0.000646
78601	188.550417	0.003180
78701	193.888783	0.003097
78801	95.830218	0.006274
78901	83.846734	0.007179
79001	71.086379	0.008479
79101	42.143151	0.014320
79201	242.078648	0.002496
79301	305.297186	0.001982
79401	1013.906553	0.000597
79501	94.845198	0.006395
79601	189.849288	0.003199
79701	48.428588	0.012556
79801	69.225159	0.008795
79901	293.508342	0.002077
80001	108.698958	0.005615
80101	710.338637	0.000860
80201	87.256199	0.007013
80301	228.065913	0.002686
80401	408.928633	0.001500
80501	59.088515	0.010394
80601	41.871042	0.014686
80701	40.908018	0.015051
80801	39.238719	0.015711
80901	145.690533	0.004237
81001	224.672791	0.002751
81101	894.954600	0.000691
81201	329.861773	0.001878
81301	425.577137	0.001457
81401	423.990094	0.001465
81501	153.967143	0.004039
81601	833.981528	0.000746
81701	185.873601	0.003354
81801	232.519471	0.002684
81901	829.704395	0.000753
82001	207.271077	0.003018
82101	51.112976	0.012255
82201	28.154071	0.022275
82301	77.302123	0.008123
82401	968.987964	0.000649
82501	115.534632	0.005448
82601	101.267505	0.006223
82701	90.858805	0.006944
82801	268.369979	0.002354
82901	55.691535	0.011357
83001	35.716621	0.017730
83101	52.880010	0.011990
83201	366.009241	0.001734
83301	95.848447	0.006631
83401	121.392138	0.005242
83501	218.165063	0.002920
83601	141.163896	0.004518
83701	180.530147	0.003537
83801	586.489337	0.001090
83901	450.194711	0.001422
84001	353.282498	0.001814
84101	781.025400	0.000822
84201	187.330804	0.003429
84301	86.703574	0.007418
84401	855.830426	0.000752
84501	460.920428	0.001399
84601	315.420503	0.002046
84701	505.803864	0.001278
84801	463.892569	0.001395
84901	300.612386	0.002155
85001	662.623516	0.000979
85101	147.755767	0.004394
85201	67.619884	0.009613
85301	80.111185	0.008124
85401	553.501164	0.001177
85501	317.234607	0.002056
85601	552.894587	0.001181
85701	46.930709	0.013932
85801	53.492097	0.012238
85901	166.658869	0.003932
86001	87.262104	0.007519
86101	177.360613	0.003704
86201	239.371696	0.002747
86301	291.256487	0.002261
86401	310.133673	0.002125
86501	305.577302	0.002160
86601	52.801049	0.012513
86701	210.437918	0.003143
86801	248.585306	0.002664
86901	197.465842	0.003358
87001	204.863931	0.003240
87101	69.358227	0.009581
87201	114.833774	0.005794
87301	61.010728	0.010917
87401	568.197206	0.001174
87501	371.104882	0.001799
87601	516.910148	0.001293
87701	67.517091	0.009910
87801	82.326593	0.008137
87901	98.798931	0.006788
88001	65.036953	0.010323
88101	204.141962	0.003293
88201	1132.290943	0.000594
88301	106.020979	0.006354
88401	112.293106	0.006006
88501	153.525607	0.004398
88601	68.574257	0.009858
88701	79.283262	0.008536
88801	105.342628	0.006431
88901	1130.624373	0.000600
89001	132.925698	0.005108
89101	48.267267	0.014084
89201	53.083038	0.012820
89301	50.902125	0.013385
89401	73.883987	0.009232
89501	47.371154	0.014415
89601	59.245844	0.011538
89701	165.061626	0.004146
89801	126.572714	0.005413
89901	82.038914	0.008361
90001	331.775689	0.002070
90101	91.958725	0.007475
90201	167.189877	0.004116
90301	139.695409	0.004932
90401	150.466261	0.004584
90501	65.179947	0.010593
90601	34.194231	0.020215
90701	51.117277	0.013537
90801	142.894755	0.004848
90901	647.503990	0.001071
91001	45.946653	0.015111
91101	189.408638	0.003670
91201	109.343042	0.006364
91301	198.081362	0.003517
91401	230.257221	0.003029
91501	206.773108	0.003376
91601	80.700116	0.008660
91701	186.282673	0.003756
91801	78.070997	0.008971
91901	322.012777	0.002177
92001	815.100620	0.000861
92101	84.993339	0.008267
92201	33.002584	0.021315
92301	60.660658	0.011609
92401	176.694315	0.003990
92501	57.107597	0.012358
92601	48.312937	0.014623
92701	223.860607	0.003159
92801	121.050899	0.005849
92901	220.598442	0.003213
93001	166.586990	0.004259
93101	80.479047	0.008826
93201	87.748535	0.008103
93301	68.118090	0.010450
93401	142.106213	0.005015
93501	157.161885	0.004539
93601	946.214844	0.000755
93701	96.636712	0.007398
93801	74.056021	0.009664
93901	40.727535	0.017590
94001	1098.144403	0.000653
94101	1098.474558	0.000654
94201	420.833385	0.001708
94301	392.563627	0.001833
94401	478.513147	0.001505
94501	291.033017	0.002477
94601	40.118912	0.017990
94701	153.536527	0.004706
94801	175.535662	0.004120
94901	148.083476	0.004889
95001	725.185972	0.000999
95101	118.453288	0.006125
95201	83.481053	0.008700
95301	117.529356	0.006186
95401	163.352892	0.004456
95501	627.601257	0.001161
95601	50.258839	0.014512
95701	70.375561	0.010375
95801	674.156237	0.001084
95901	180.056521	0.004064
96001	341.132861	0.002147
96101	62.410200	0.011748
96201	58.054213	0.012643
96301	41.349979	0.017768
96401	268.568516	0.002739
96501	179.383788	0.004104
96601	102.423478	0.007196
96701	177.726429	0.004151
96801	180.638045	0.004088
96901	117.570512	0.006288
97001	80.341606	0.009211
97101	203.234291	0.003645
97201	103.210685	0.007185
97301	81.108573	0.009153
97401	508.116619	0.001462
97501	868.427299	0.000857
97601	330.879463	0.002250
97701	140.049772	0.005322
97801	130.763796	0.005706
97901	152.100869	0.004911
98001	273.992594	0.002729
98101	80.500744	0.009297
98201	247.788998	0.003024
98301	315.335402	0.002378
98401	332.809407	0.002256
98501	391.541191	0.001919
98601	430.773206	0.001746
98701	389.581740	0.001933
98801	51.012847	0.014777
98901	94.934017	0.007948
99001	178.949829	0.004221
99101	183.803658	0.004114
99201	53.145893	0.014241
99301	144.987132	0.005225
99401	126.443551	0.005998
99501	235.201260	0.003228
99601	180.677225	0.004206
99701	30.587088	0.024869
99801	72.873967	0.010448
99901	125.102456	0.006092
100001	151.692608	0.005030
100101	47.680782	0.016017
100201	108.003580	0.007078
100301	147.732887	0.005180
100401	101.185907	0.007570
100501	67.531258	0.011354
100601	151.944636	0.005051
100701	108.798241	0.007062
100801	245.698381	0.003130
100901	250.293985	0.003076
101001	36.056596	0.021371
101101	68.717711	0.011225
101201	522.104223	0.001479
101301	140.841600	0.005487
101401	79.189323	0.009769
101501	36.271760	0.021350
101601	199.524198	0.003885
101701	477.380021	0.001625
101801	1312.512116	0.000592
101901	1302.747112	0.000597
102001	160.556263	0.004847
102101	200.670257	0.003882
102201	66.734956	0.011684
102301	171.642510	0.004547
102401	294.418044	0.002654
102501	195.483081	0.004000
102601	104.449249	0.007494
102701	171.644326	0.004565
102801	45.132419	0.017378
102901	192.502898	0.004078
103001	203.344080	0.003865
103101	92.547415	0.008499
103201	192.636113	0.004087
103301	35.229954	0.022371
103401	100.590746	0.007843
103501	195.199844	0.004045
103601	126.828914	0.006232
103701	225.077777	0.003515
103801	138.585257	0.005714
103901	94.273090	0.008409
104001	178.205710	0.004453
104101	171.367591	0.004635
104201	55.312142	0.014373
104301	28.455546	0.027965
104401	98.835803	0.008059
104501	56.769093	0.014044
104601	358.095805	0.002229
104701	61.676389	0.012952
104801	186.050226	0.004298
104901	319.937108	0.002502
105001	144.682826	0.005537
105101	57.003883	0.014067
105201	261.028812	0.003075
105301	293.207680	0.002740
105401	121.106912	0.006640
105501	188.967826	0.004260
105601	47.008826	0.017139
105701	58.266180	0.013841
105801	127.385157	0.006337
105901	95.470724	0.008463
106001	41.698527	0.019395
106101	76.344705	0.010603
106201	108.211916	0.007488
106301	213.187328	0.003804
106401	472.814710	0.001717
106501	113.850032	0.007137
106601	659.271559	0.001234
106701	72.006742	0.011305
106801	128.243926	0.006354
106901	111.732703	0.007299
107001	313.652759	0.002603
107101	155.687475	0.005248
107201	223.508470	0.003659
107301	159.575985	0.005130
107401	360.507346	0.002273
107501	307.663512	0.002666
107601	231.176760	0.003551
107701	289.609955	0.002837
107801	246.490559	0.003337
107901	127.846192	0.006439
108001	960.094835	0.000858
108101	430.348916	0.001916
108201	547.263255	0.001508
108301	183.312556	0.004507
108401	53.828655	0.015364
108501	104.395113	0.007929
108601	95.261077	0.008698
108701	67.236848	0.012334
108801	300.937979	0.002758
108901	311.618435	0.002666
109001	745.733288	0.001115
109101	179.337026	0.004641
109201	231.652962	0.003596
109301	46.814184	0.017813
109401	52.162887	0.016001
109501	70.433385	0.011861
109601	65.523170	0.012762
109701	44.482801	0.018815
109801	95.317433	0.008789
109901	459.377065	0.001825
110001	94.679043	0.008864
110101	164.781009	0.005098
110201	74.115467	0.011344
110301	109.718622	0.007670
110401	47.563153	0.017709
110501	43.480481	0.019389
110601	462.189455	0.001826
110701	59.837026	0.014115
110801	64.753749	0.013055
110901	1134.519375	0.000746
111001	188.562788	0.004491
111101	551.875067	0.001536
111201	95.726142	0.008863
111301	144.596806	0.005873
111401	649.852289	0.001308
111501	284.576381	0.002989
111601	793.243197	0.001073
111701	793.520569	0.001074
111801	115.100183	0.007411
111901	94.219346	0.009061
112001	264.518467	0.003230
112101	830.127070	0.001030
112201	176.273317	0.004856
112301	40.105800	0.021363
112401	874.209783	0.000981
112501	120.579889	0.007118
112601	230.572233	0.003726
112701	40.187442	0.021396
112801	102.790999	0.008372
112901	209.867374	0.004104
113001	326.050914	0.002644
113101	88.828252	0.009714
113201	524.793169	0.001646
113301	209.797554	0.004120
113401	39.731222	0.021776
113501	290.905556	0.002977
113601	138.019797	0.006280
113701	262.779343	0.003301
113801	138.862379	0.006252
113901	104.372453	0.008326
114001	600.199419	0.001449
114101	281.004882	0.003098
114201	82.810275	0.010521
114301	428.051264	0.002037
114401	38.497973	0.022672
114501	47.787085	0.018281
114601	139.317997	0.006276
114701	174.783370	0.005007
114801	301.239630	0.002908
114901	204.476604	0.004287
115001	59.668012	0.014704
115101	413.365236	0.002124
115201	130.847671	0.006717
115301	387.763520	0.002269
115401	128.777504	0.006837
115501	82.868582	0.010634
115601	293.495030	0.003005
115701	97.026954	0.009098
115801	39.320967	0.022469
115901	200.697660	0.004406
116001	57.572489	0.015372
116101	284.533224	0.003113
116201	201.939762	0.004390
116301	75.543798	0.011746
116401	139.640569	0.006360
116501	1128.729984	0.000787
116601	84.042077	0.010585
116701	910.076220	0.000978
116801	193.406071	0.004608
116901	61.025431	0.014615
117001	51.788441	0.017236
117101	87.074752	0.010260
117201	643.283929	0.001390
117301	843.430628	0.001061
117401	65.164106	0.013745
117501	74.713769	0.011999
117601	141.197618	0.006354
117701	235.562684	0.003812
117801	155.149477	0.005793
117901	311.437321	0.002888
118001	119.328007	0.007545
118101	121.189194	0.007435
118201	240.366761	0.003752
118301	233.517077	0.003865
118401	194.731430	0.004639
118501	84.454490	0.010705
118601	139.471350	0.006488
118701	166.040472	0.005454
118801	79.345795	0.011423
118901	94.849372	0.009564
119001	305.112958	0.002976
119101	67.501033	0.013462
119201	527.434207	0.001724
119301	124.171022	0.007330
119401	192.813469	0.004725
119501	170.837592	0.005337
119601	213.772470	0.004268
119701	98.591275	0.009263
119801	119.888092	0.007624
119901	101.287499	0.009031
120001	821.553389	0.001114
120101	48.937567	0.018724
120201	163.496131	0.005609
120301	77.238515	0.011883
120401	222.773726	0.004123
120501	53.291960	0.017251
120601	55.850043	0.016475
120701	105.113626	0.008761
120801	199.119195	0.004629
120901	60.678976	0.015201
121001	213.615494	0.004322
121101	125.829761	0.007343
121201	118.746007	0.007787
121301	54.796948	0.016889
121401	616.327785	0.001503
121501	64.097782	0.014462
121601	186.822829	0.004966
121701	234.751775	0.003955
121801	56.490364	0.016450
121901	210.650471	0.004415
122001	317.818284	0.002929
122101	105.288977	0.008848
122201	119.118262	0.007827
122301	133.608865	0.006984
122401	869.089143	0.001075
122501	193.258927	0.004836
122601	154.968827	0.006036
122701	253.943966	0.003686
122801	257.742152	0.003635
122901	307.746408	0.003047
123001	118.090852	0.007947
123101	132.040316	0.007113
123201	201.175362	0.004672
123301	104.416220	0.009009
123401	94.509290	0.009962
123501	139.585301	0.006750
123601	224.164749	0.004207
123701	284.255448	0.003320
123801	91.503218	0.010322
123901	578.569380	0.001634
124001	159.883634	0.005917
124101	127.098600	0.007449
124201	238.836639	0.003967
124301	106.400016	0.008913
124401	66.457588	0.014281
124501	95.808302	0.009914
124601	42.521315	0.022357
124701	492.028517	0.001934
124801	674.983027	0.001411
124901	189.619305	0.005025
125001	828.767212	0.001151
125101	217.852476	0.004381
125201	218.870746	0.004364
125301	1102.339252	0.000867
125401	55.077124	0.017371
125501	129.777831	0.007378
125601	284.135692	0.003373
125701	230.416440	0.004162
125801	86.601336	0.011083
125901	101.976888	0.009419
126001	141.060432	0.006815
126101	82.735913	0.011628
126201	306.729565	0.003139
126301	1413.756633	0.000682
126401	139.489056	0.006914
126501	359.601315	0.002684
126601	57.182504	0.016891
126701	641.543084	0.001507
126801	82.145480	0.011777
126901	97.823957	0.009897
127001	115.711823	0.008374
127101	599.237834	0.001618
127201	84.126097	0.011536
127301	111.584270	0.008704
127401	250.838947	0.003875
127501	695.707441	0.001398
127601	78.777200	0.012358
127701	81.362154	0.011975
127801	133.384285	0.007310
127901	63.864598	0.015279
128001	69.855008	0.013980
128101	504.085845	0.001939
128201	329.989082	0.002964
128301	83.238552	0.011760
128401	42.631392	0.022979
128501	609.760165	0.001608
128601	301.083183	0.003259
128701	191.162354	0.005137
128801	230.086547	0.004271
128901	234.300452	0.004197
129001	537.142990	0.001832
129101	187.177455	0.005262
129201	173.365644	0.005686
129301	639.972662	0.001541
129401	182.866552	0.005399
129501	169.499282	0.005829
129601	61.469398	0.016086
129701	613.623337	0.001613
129801	90.809689	0.010905
129901	94.291727	0.010511
130001	108.757263	0.009120
130101	843.395075	0.001177
130201	487.201601	0.002039
130301	710.029332	0.001400
130401	103.948054	0.009571
130501	932.860089	0.001067
130601	546.117304	0.001825
130701	95.882583	0.010400
130801	290.979610	0.003430
130901	466.828086	0.002139
131001	267.218801	0.003740
131101	64.929691	0.015405
131201	77.546656	0.012908
131301	61.221259	0.016363
131401	49.354554	0.020312
131501	91.165255	0.011005
131601	50.572035	0.019854
131701	73.232774	0.013721
131801	144.060280	0.006980
131901	54.791370	0.018366
132001	123.728131	0.008140
132101	123.645777	0.008151
132201	137.484765	0.007336
132301	88.594685	0.011393
132401	27.294211	0.037009
132501	294.305757	0.003435
132601	205.240777	0.004929
132701	107.186572	0.009445
132801	92.307579	0.010976
132901	78.317026	0.012947
133001	91.697129	0.011066
133101	172.853194	0.005875
133201	145.908027	0.006965
133301	30.905257	0.032907
133401	35.702266	0.028507
133501	87.005592	0.011707
133601	133.599027	0.007630
133701	79.655104	0.012806
133801	76.396410	0.013362
133901	51.748011	0.019742
134001	145.059570	0.007048
134101	137.661194	0.007432
134201	83.504077	0.012261
134301	97.944585	0.010461
134401	50.978641	0.020114
134501	89.237627	0.011499
134601	66.743923	0.015386
134701	192.658106	0.005334
134801	31.968244	0.032171
134901	62.158364	0.016558
135001	42.223801	0.024393
135101	88.194668	0.011687
135201	77.267378	0.013350
135301	194.257992	0.005314
135401	59.055399	0.017493
135501	120.291810	0.008594
135601	46.514954	0.022241
135701	292.489254	0.003540
135801	101.920866	0.010166
135901	114.818888	0.009030
136001	140.495377	0.007385
136101	237.133685	0.004379
136201	93.863992	0.011071
136301	164.835330	0.006309
136401	109.862754	0.009472
136501	82.025954	0.012696
136601	49.012976	0.021263
136701	83.183114	0.012538
136801	47.762793	0.021852
136901	52.567168	0.019869
137001	179.376396	0.005827
137101	81.855409	0.012779
137201	128.362625	0.008155
137301	98.442401	0.010641
137401	47.895645	0.021887
137501	52.443962	0.020003
137601	244.731123	0.004290
137701	54.876656	0.019144
137801	305.911927	0.003437
137901	127.645339	0.008242
138001	154.654920	0.006808
138101	136.184197	0.007737
138201	72.119064	0.014620
138301	72.039891	0.014647
138401	274.123043	0.003852
138501	150.148139	0.007038
138601	88.250443	0.011982
138701	241.215469	0.004387
138801	131.348708	0.008062
138901	42.519394	0.024923
139001	39.997452	0.026514
139101	229.156680	0.004631
139201	263.688827	0.004028
139301	84.519061	0.012574
139401	253.869657	0.004189
139501	145.600788	0.007310
139601	133.520184	0.007977
139701	271.688688	0.003923
139801	61.273089	0.017407
139901	115.597110	0.009233
140001	174.723140	0.006113
140101	89.497908	0.011943
140201	46.166902	0.023169
140301	105.065705	0.010188
140401	71.464136	0.014989
140501	42.900252	0.024987
140601	51.371661	0.020881
140701	38.154238	0.028135
140801	222.204951	0.004834
140901	73.257742	0.014674
141001	102.230048	0.010523
141101	108.108643	0.009958
141201	93.888513	0.011474
141301	142.010480	0.007591
141401	175.089230	0.006161
141501	59.073923	0.018275
141601	42.390171	0.025485
141701	53.768347	0.020106
141801	48.769619	0.022183
141901	62.999999	0.017184
142001	173.576575	0.006242
142101	267.316947	0.004056
142201	64.256759	0.016884
142301	32.181804	0.033736
142401	120.724935	0.008999
142501	101.010399	0.010763
142601	79.062761	0.013761
142701	93.032549	0.011703
142801	110.566980	0.009854
142901	68.337165	0.015954
143001	51.581710	0.021151
143101	249.014833	0.004384
143201	64.058202	0.017055
143301	143.007487	0.007645
143401	98.332490	0.011126
143501	94.584423	0.011575
143601	93.634788	0.011701
143701	56.117148	0.019537
143801	75.387334	0.014553
143901	222.562540	0.004933
144001	71.573310	0.015350
144101	61.878122	0.017767
144201	45.992634	0.023920
144301	53.099003	0.020734
144401	101.668536	0.010836
144501	104.383227	0.010562
144601	583.530406	0.001891
144701	55.180405	0.020007
144801	54.225048	0.020373
144901	35.830995	0.030853
145001	70.282434	0.015740
145101	275.041384	0.004025
145201	99.738630	0.011107
145301	67.426041	0.016441
145401	133.524447	0.008308
145501	100.747395	0.011018
145601	278.782759	0.003985
145701	52.050029	0.021357
145801	83.203201	0.013369
145901	220.356532	0.005052
146001	37.729827	0.029523
146101	105.901789	0.010525
146201	70.338920	0.015858
146301	47.025426	0.023736
146401	28.882456	0.038672
146501	41.309317	0.027057
146601	67.514009	0.016567
146701	133.125343	0.008407
146801	169.200817	0.006619
146901	214.310397	0.005230
147001	53.929759	0.020796
147101	95.527857	0.011748
147201	28.202289	0.039821
147301	76.580705	0.014675
147401	69.470877	0.016188
147501	93.932467	0.011980
147601	77.641087	0.014504
147701	71.233562	0.015819
147801	90.579308	0.012449
147901	30.960950	0.036446
148001	87.477247	0.012908
148101	139.600743	0.008094
148201	127.112605	0.008895
148301	61.277543	0.018464
148401	57.306914	0.019757
148501	86.126275	0.013155
148601	153.629002	0.007380
148701	122.725099	0.009244
148801	64.066547	0.017720
148901	203.128194	0.005593
149001	54.552707	0.020838
149101	107.799263	0.010552
149201	27.584282	0.041267
149301	42.519181	0.026790
149401	85.861394	0.013275
149501	61.729423	0.018477
149601	103.691285	0.011007
149701	289.230697	0.003949
149801	47.761465	0.023929
149901	25.455682	0.044927
150001	77.175035	0.014829
150101	109.188234	0.010488
150201	109.402817	0.010475
150301	82.407349	0.013915
150401	27.759506	0.041336
150501	92.338696	0.012435
150601	76.799539	0.014961
150701	237.646027	0.004838
150801	590.508217	0.001948
150901	135.309066	0.008509
151001	44.553682	0.025857
151101	60.892711	0.018932
151201	69.488519	0.016601
151301	22.185328	0.052031
151401	53.992422	0.021394
151501	117.013621	0.009878
151601	157.119765	0.007361
151701	60.722994	0.019060
151801	24.399769	0.047466
151901	67.182437	0.017250
152001	64.497722	0.017980
152101	77.616371	0.014951
152201	84.141245	0.013801
152301	59.164298	0.019640
152401	31.131976	0.037348
152501	79.408745	0.014652
152601	53.701102	0.021680
152701	29.840401	0.039042
152801	110.789229	0.010522
152901	45.276013	0.025765
153001	61.656674	0.018932
153101	251.265896	0.004649
153201	112.572805	0.010383
153301	69.541697	0.016819
153401	27.836489	0.042044
153501	65.656246	0.017837
153601	164.458127	0.007126
153701	88.487746	0.013252
153801	113.361147	0.010351
153901	78.846300	0.014892
154001	49.291119	0.023837
154101	65.005446	0.018086
154201	135.219591	0.008700
154301	61.050732	0.019283
154401	86.463339	0.013624
154501	96.122904	0.012263
154601	61.671993	0.019126
154701	114.835783	0.010278
154801	117.851268	0.010021
154901	254.593882	0.004642
155001	42.482077	0.027837
155101	130.843371	0.009044
155201	216.224361	0.005476
155301	240.240461	0.004932
155401	212.271881	0.005585
155501	79.027329	0.015012
155601	96.060535	0.012358
155701	109.963670	0.010803
155801	45.339311	0.026217
155901	85.341590	0.013937
156001	145.510430	0.008179
156101	44.950022	0.026495
156201	73.883137	0.016130
156301	53.447652	0.022311
156401	95.110127	0.012546
156501	180.791058	0.006604
156601	293.452624	0.004071
156701	75.645613	0.015804
156801	154.313690	0.007752
156901	60.629364	0.019744
157001	58.624390	0.020432
157101	113.245509	0.010584
157201	118.724813	0.010102
157301	215.746150	0.005563
157401	156.243204	0.007686
157501	150.573103	0.007980
157601	77.109202	0.015593
157701	49.381661	0.024365
157801	39.498459	0.030480
157901	100.689626	0.011964
158001	162.489739	0.007419
158101	56.580343	0.021319
158201	249.288905	0.004842
158301	39.924394	0.030251
158401	38.787022	0.031157
158501	44.131884	0.027401
158601	171.284116	0.007064
158701	154.314939	0.007846
158801	80.641832	0.015024
158901	124.061656	0.009772
159001	37.225574	0.032587
159101	53.735774	0.022589
159201	123.588374	0.009828
159301	146.786039	0.008280
159401	103.263025	0.011777
159501	104.749082	0.011617
159601	71.458567	0.017040
159701	208.406257	0.005846
159801	189.518039	0.006433
159901	45.137818	0.027027
160001	48.723225	0.025054
160101	876.306238	0.001394
160201	128.676593	0.009499
160301	157.014402	0.007789
160401	57.029718	0.021458
160501	57.931842	0.021137
160601	69.034236	0.017749
160701	81.826267	0.014984
160801	39.888316	0.030756
160901	49.092131	0.025006
161001	118.967175	0.010325
161101	49.883793	0.024639
161201	237.896971	0.005170
161301	61.870600	0.019890
161401	31.880738	0.038625
161501	67.506759	0.018252
161601	70.132609	0.017580
161701	128.584028	0.009594
161801	89.773234	0.013751
161901	107.081721	0.011535
162001	160.784294	0.007687
162101	61.260931	0.020188
162201	60.924343	0.020312
162301	39.644531	0.031234
162401	84.878502	0.014598
162501	267.988818	0.004626
162601	321.015475	0.003864
162701	167.695203	0.007402
162801	243.532766	0.005100
162901	43.845048	0.028346
163001	101.351539	0.012270
163101	179.592922	0.006929
163201	140.458819	0.008865
163301	71.031674	0.017540
163401	61.804367	0.020171
163501	282.044927	0.004423
163601	52.252169	0.023888
163701	34.135330	0.036588
163801	153.882898	0.008121
163901	108.824512	0.011491
164001	78.416121	0.015956
164101	84.739623	0.014775
164201	105.279780	0.011899
164301	237.345664	0.005281
164401	86.376659	0.014521
164501	91.563971	0.013707
164601	52.109568	0.024099
164701	67.224499	0.018692
164801	120.423446	0.010441
164901	26.466945	0.047535
165001	125.826626	0.010005
165101	117.241984	0.010744
165201	101.685310	0.012395
165301	133.620708	0.009438
165401	72.361938	0.017439
165501	86.897905	0.014531
165601	80.997957	0.015598
165701	33.165711	0.038118
165801	119.948249	0.010546
165901	145.585964	0.008694
166001	142.191173	0.008907
166101	57.513568	0.022034
166201	91.541342	0.013852
166301	52.677347	0.024086
166401	52.510287	0.024177
166501	187.056762	0.006791
166601	151.059124	0.008414
166701	99.401949	0.012795
166801	66.622076	0.019102
166901	63.262485	0.020128
167001	52.131073	0.024441
167101	219.616607	0.005805
167201	101.760354	0.012536
167301	48.148003	0.026510
167401	142.122187	0.008986
167501	76.929675	0.016612
167601	75.132850	0.017019
167701	83.802742	0.015267
167801	89.287372	0.014338
167901	97.238743	0.013174
168001	50.628002	0.025317
168101	100.232267	0.012795
168201	99.720794	0.012869
168301	78.733765	0.016309
168401	135.060119	0.009513
168501	77.388726	0.016612
168601	98.200236	0.013099
168701	59.596030	0.021597
168801	273.142638	0.004715
168901	70.899474	0.018175
169001	153.488412	0.008400
169101	57.362934	0.022491
169201	144.437701	0.008937
169301	34.845131	0.037069
169401	75.576153	0.017101
169501	64.117184	0.020169
169601	126.649417	0.010217
169701	165.690608	0.007814
169801	161.205586	0.008036
169901	131.991438	0.009821
170001	80.940483	0.016024
170101	45.310358	0.028642
170201	98.036219	0.013245
170301	44.922714	0.028923
170401	123.307995	0.010543
170501	80.013336	0.016258
170601	81.258486	0.016018
170701	131.866662	0.009876
170801	248.315512	0.005248
170901	199.018115	0.006552
171001	304.426310	0.004286
171101	289.231115	0.004513
171201	81.808668	0.015966
171301	49.573079	0.026364
171401	87.940266	0.014870
171501	36.163696	0.036181
171601	107.598832	0.012168
171701	49.891576	0.026256
171801	38.019524	0.034475
171901	146.824046	0.008932
172001	141.544821	0.009271
172101	109.210303	0.012023
172201	78.742988	0.016685
172301	72.124280	0.018226
172401	77.024385	0.017077
172501	225.951545	0.005825
172601	53.518367	0.024605
172701	119.353926	0.011039
172801	86.702689	0.015206
172901	88.612363	0.014887
173001	88.816842	0.014861
173101	45.214746	0.029209
173201	36.459795	0.036243
173301	110.415576	0.011975
173401	102.337906	0.012927
173501	124.294943	0.010650
173601	306.727720	0.004318
173701	72.025550	0.018399
173801	99.115920	0.013378
173901	99.685600	0.013309
174001	134.185922	0.009893
174101	62.340942	0.021307
174201	70.125521	0.018952
174301	157.802509	0.008427
174401	75.564725	0.017608
174501	29.127274	0.045708
174601	76.079363	0.017509
174701	58.127470	0.022930
174801	58.969556	0.022615
174901	91.520764	0.014580
175001	244.492148	0.005461
175101	132.629600	0.010073
175201	53.006451	0.025217
175301	43.697688	0.030607
175401	93.132077	0.014369
175501	154.298093	0.008678
175601	120.543202	0.011114
175701	53.341996	0.025130
175801	91.715905	0.014624
175901	73.295058	0.018310
176001	124.151897	0.010816
176101	326.136739	0.004120
176201	60.589939	0.022187
176301	106.511856	0.012628
176401	123.339139	0.010912
176501	56.759761	0.023724
176601	128.987044	0.010446
176701	34.049796	0.039593
176801	130.105761	0.010368
176901	118.204076	0.011418
177001	364.972057	0.003700
177101	120.629232	0.011201
177201	44.289436	0.030525
177301	316.008945	0.004281
177401	80.407507	0.016833
177501	280.161716	0.004834
177601	55.485349	0.024421
177701	79.089405	0.017142
177801	981.111118	0.001383
177901	181.776294	0.007467
178001	134.639951	0.010086
178101	45.532333	0.029843
178201	105.569225	0.012878
178301	219.101155	0.006209
178401	301.706404	0.004511
178501	117.639110	0.011577
178601	83.565921	0.016306
178701	212.462827	0.006417
178801	63.917050	0.021342
178901	113.134012	0.012065
179001	125.355303	0.010894
179101	92.350535	0.014796
179201	45.241517	0.030220
179301	50.787042	0.026935
179401	55.969531	0.024455
179501	49.483570	0.027676
179601	283.091644	0.004840
179701	36.628033	0.037431
179801	175.035877	0.007837
179901	92.663037	0.014812
180001	108.426312	0.012666
180101	93.421462	0.014708
180201	362.877425	0.003789
180301	57.903738	0.023756
180401	297.753227	0.004622
180501	119.786325	0.011496
180601	135.382129	0.010178
180701	55.364986	0.024901
180801	129.078496	0.010687
180901	292.814804	0.004713
181001	59.755195	0.023110
181101	139.340269	0.009916
181201	337.727755	0.004093
181301	349.254115	0.003960
181401	306.907612	0.004509
181501	57.132828	0.024237
181601	122.791156	0.011283
181701	87.522920	0.015839
181801	151.730612	0.009141
181901	137.447314	0.010097
182001	294.665328	0.004712
182101	126.973370	0.010942
182201	138.858263	0.010011
182301	71.732247	0.019389
182401	246.313507	0.005650
182501	170.465884	0.008168
182601	174.555539	0.007981
182701	64.246510	0.021696
182801	91.219803	0.015289
182901	123.302418	0.011317
183001	323.868566	0.004311
183101	114.506464	0.012200
183201	160.772681	0.008694
183301	58.286173	0.023993
183401	275.793509	0.005074
183501	38.013692	0.036829
183601	82.178840	0.017045
183701	84.988026	0.016491
183801	124.990431	0.011219
183901	87.156872	0.016098
184001	44.520214	0.031532
184101	42.006729	0.033437
184201	176.372902	0.007968
184301	126.853377	0.011084
184401	157.244769	0.008947
184501	133.505872	0.010544
184601	111.220086	0.012663
184701	343.585173	0.004101
184801	63.119727	0.022337
184901	50.479724	0.027946
185001	91.096954	0.015494
185101	116.454606	0.012127
185201	56.895613	0.024834
185301	196.777000	0.007184
185401	40.030664	0.035335
185501	67.701936	0.020904
185601	73.758329	0.019198
185701	123.642682	0.011459
185801	141.596485	0.010011
185901	717.399816	0.001977
186001	118.814845	0.011944
186101	29.094805	0.048800
186201	126.101379	0.011266
186301	88.340302	0.016090
186401	343.276261	0.004143
186501	247.380226	0.005752
186601	81.924070	0.017378
186701	113.147195	0.012589
186801	121.267481	0.011752
186901	360.148664	0.003959
187001	58.249314	0.024493
187101	135.714000	0.010518
187201	86.599422	0.016492
187301	199.160339	0.007175
187401	124.538761	0.011480
187501	180.762213	0.007914
187601	147.494228	0.009704
187701	333.044526	0.004300
187801	192.352020	0.007449
187901	76.550631	0.018727
188001	219.942665	0.006521
188101	372.166097	0.003856
188201	284.980120	0.005038
188301	210.055472	0.006839
188401	101.673452	0.014137
188501	55.653373	0.025841
188601	80.357565	0.017906
188701	178.377387	0.008071
188801	114.711351	0.012557
188901	60.701094	0.023743
189001	83.949973	0.017176
189101	200.819083	0.007184
189201	327.240994	0.004411
189301	363.569178	0.003972
189401	353.922243	0.004083
189501	216.182836	0.006688
189601	149.998698	0.009644
189701	115.546883	0.012526
189801	96.423008	0.015018
189901	94.197646	0.015381
190001	59.735129	0.024267
190101	83.868889	0.017293
190201	44.127948	0.032884
190301	459.024606	0.003163
190401	78.574684	0.018487
190501	123.960753	0.011725
190601	142.649062	0.010194
190701	155.295302	0.009369
190801	47.496930	0.030648
190901	47.866838	0.030427
191001	96.909227	0.015037
191101	108.586628	0.013427
191201	413.051348	0.003532
191301	115.768918	0.012607
191401	86.609691	0.016860
191501	98.510282	0.014831
191601	30.677320	0.047651
191701	196.942564	0.007426
191801	74.684775	0.019593
191901	173.098188	0.008458
192001	216.940139	0.006752
192101	160.561372	0.009128
192201	80.625574	0.018187
192301	148.528253	0.009878
192401	317.473159	0.004624
192501	59.854857	0.024537
192601	201.868003	0.007279
192701	103.541082	0.014199
192801	215.933480	0.006812
192901	345.158567	0.004264
193001	164.227993	0.008966
193101	180.888508	0.008144
193201	233.116082	0.006323
193301	228.529497	0.006453
193401	76.650674	0.019250
193501	92.625965	0.015938
193601	415.188231	0.003558
193701	83.142931	0.017774
193801	77.706273	0.019028
193901	167.021331	0.008857
194001	85.165073	0.017379
194101	27.326236	0.054192
194201	148.089828	0.010005
194301	118.260615	0.012535
194401	93.901557	0.015795
194501	236.276657	0.006280
194601	159.218896	0.009325
194701	83.222455	0.017849
194801	37.490740	0.039642
194901	86.019737	0.017286
195001	378.380472	0.003932
195101	149.135088	0.009981
195201	89.463126	0.016647
195301	384.568518	0.003875
195401	245.682662	0.006068

===================================================================================
=   BAD TERMINATION OF ONE OF YOUR APPLICATION PROCESSES
=   PID 16584 RUNNING AT vnode-05.dydaktyka.icsr.agh.edu.pl
=   EXIT CODE: 9
=   CLEANING UP REMAINING PROCESSES
=   YOU CAN IGNORE THE BELOW CLEANUP MESSAGES
===================================================================================
