1	0.011857	0.000643
101	0.208742	0.003691
201	2.118070	0.000724
301	3.601544	0.000638
401	0.772808	0.003959
501	1.415270	0.002701
601	3.880599	0.001182
701	1.806494	0.002961
801	16.651991	0.000367
901	2.643858	0.002600
1001	2.077992	0.003675
1101	4.671602	0.001798
1201	15.479536	0.000592
1301	22.822826	0.000435
1401	11.961991	0.000894
1501	4.580881	0.002500
1601	31.862941	0.000383
1701	34.007588	0.000382
1801	4.267718	0.003220
1901	28.132463	0.000516
2001	29.081728	0.000525
2101	13.891346	0.001154
2201	3.266063	0.005141
2301	13.498863	0.001300
2401	6.725858	0.002724
2501	37.240289	0.000512
2601	44.082146	0.000450
2701	29.225918	0.000705
2801	9.264980	0.002307
2901	5.076817	0.004360
3001	5.621966	0.004073
3101	3.543922	0.006676
3201	12.644987	0.001931
3301	10.025422	0.002512
3401	40.278371	0.000644
3501	46.761627	0.000571
3601	10.322135	0.002662
3701	31.057131	0.000909
3801	34.542241	0.000840
3901	4.398923	0.006766
4001	52.800613	0.000578
4101	12.829066	0.002439
4201	45.571105	0.000703
4301	16.988242	0.001932
4401	29.305348	0.001146
4501	106.324572	0.000323
4601	108.724594	0.000323
4701	62.433224	0.000574
4801	11.630887	0.003149
4901	4.544911	0.008227
5001	9.191800	0.004151
5101	24.477036	0.001590
5201	26.513406	0.001497
5301	53.596440	0.000755
5401	6.809936	0.006051
5501	8.220780	0.005105
5601	29.804474	0.001434
5701	18.706163	0.002325
5801	12.633830	0.003503
5901	31.381726	0.001435
6001	12.314753	0.003718
6101	20.357002	0.002287
6201	92.815705	0.000510
6301	15.956297	0.003013
6401	7.603513	0.006423
6501	11.446682	0.004333
6601	134.679224	0.000374
6701	134.615681	0.000380
6801	192.313148	0.000270
6901	23.369214	0.002253
7001	63.576031	0.000840
7101	18.621850	0.002909
7201	10.743647	0.005114
7301	10.105901	0.005512
7401	53.719556	0.001051
7501	123.588977	0.000463
7601	131.506746	0.000441
7701	36.931154	0.001591
7801	42.437394	0.001402
7901	187.989283	0.000321
8001	41.282713	0.001479
8101	9.160489	0.006747
8201	165.652666	0.000378
8301	23.294348	0.002719
8401	8.239798	0.007779
8501	16.681003	0.003888
8601	35.464756	0.001850
8701	70.435340	0.000942
8801	11.389495	0.005895
8901	32.914419	0.002063
9001	6.200161	0.011076
9101	29.653800	0.002342
9201	63.917453	0.001098
9301	188.410551	0.000377
9401	97.056890	0.000739
9501	24.099575	0.003008
9601	24.106901	0.003039
9701	57.526961	0.001287
9801	114.617097	0.000652
9901	30.846430	0.002449
10001	147.953592	0.000516
10101	148.048458	0.000521
10201	28.846504	0.002698
10301	51.307929	0.001532
10401	26.413387	0.003004
10501	25.389933	0.003155
10601	54.706360	0.001478
10701	30.508931	0.002676
10801	151.605710	0.000544
10901	136.148447	0.000611
11001	31.625575	0.002654
11101	119.281515	0.000710
11201	28.055631	0.003046
11301	21.558881	0.003999
11401	192.031845	0.000453
11501	187.428144	0.000468
11601	35.922233	0.002464
11701	8.460616	0.010551
11801	18.239122	0.004936
11901	69.259029	0.001311
12001	159.654086	0.000573
12101	101.633143	0.000908
12201	101.918901	0.000913
12301	103.115832	0.000910
12401	99.121414	0.000955
12501	46.452083	0.002053
12601	241.814042	0.000398
12701	252.372126	0.000384
12801	261.664374	0.000373
12901	23.035193	0.004273
13001	26.147686	0.003793
13101	64.481324	0.001550
13201	36.287177	0.002776
13301	34.050326	0.002980
13401	13.400872	0.007629
13501	89.188920	0.001155
13601	47.300947	0.002194
13701	15.176287	0.006888
13801	41.913812	0.002512
13901	48.079449	0.002206
14001	43.725728	0.002443
14101	88.530397	0.001215
14201	25.489213	0.004251
14301	28.080243	0.003886
14401	187.713401	0.000585
14501	40.796446	0.002712
14601	245.810000	0.000453
14701	253.499930	0.000442
14801	344.560459	0.000328
14901	41.779761	0.002721
15001	250.241952	0.000457
15101	226.693003	0.000508
15201	22.859087	0.005073
15301	255.597002	0.000457
15401	203.048654	0.000579
15501	48.055849	0.002461
15601	321.971157	0.000370
15701	368.785978	0.000325
15801	367.494849	0.000328
15901	370.766410	0.000327
16001	29.068769	0.004200
16101	33.020577	0.003720
16201	36.813561	0.003358
16301	44.494407	0.002795
16401	240.275031	0.000521
16501	239.117854	0.000526
16601	46.055038	0.002750
16701	276.248852	0.000461
16801	26.484386	0.004840
16901	21.754534	0.005927
17001	13.826226	0.009381
17101	120.180902	0.001086
17201	102.750983	0.001277
17301	40.732459	0.003241
17401	20.266542	0.006551
17501	20.500674	0.006513
17601	17.685672	0.007593
17701	15.894810	0.008496
17801	36.799242	0.003691
17901	43.887881	0.003112
18001	12.561332	0.010933
18101	56.388915	0.002449
18201	42.442491	0.003272
18301	120.118380	0.001162
18401	156.585141	0.000897
18501	184.192802	0.000766
18601	138.162661	0.001027
18701	71.564049	0.001994
18801	97.063930	0.001478
18901	28.814344	0.005005
19001	123.101409	0.001178
19101	27.648928	0.005271
19201	66.261358	0.002211
19301	194.643633	0.000757
19401	31.261324	0.004735
19501	63.188102	0.002355
19601	50.725924	0.002948
19701	26.303559	0.005714
19801	390.552644	0.000387
19901	25.675539	0.005914
20001	135.021005	0.001130
20101	335.340054	0.000457
20201	298.586950	0.000516
20301	241.771327	0.000641
20401	62.212943	0.002502
20501	343.796389	0.000455
20601	175.708444	0.000895
20701	60.009300	0.002632
20801	245.839480	0.000646
20901	50.069551	0.003185
21001	345.425471	0.000464
21101	14.466680	0.011128
21201	156.916816	0.001031
21301	25.489685	0.006376
21401	115.870118	0.001409
21501	20.710335	0.007921
21601	28.777427	0.005727
21701	286.319896	0.000578
21801	20.032754	0.008303
21901	19.223167	0.008692
22001	23.064467	0.007278
22101	108.654413	0.001552
22201	240.332254	0.000705
22301	61.727011	0.002756
22401	450.722021	0.000379
22501	449.300417	0.000382
22601	385.170452	0.000448
22701	52.920775	0.003273
22801	272.078437	0.000639
22901	39.142537	0.004464
23001	69.879121	0.002511
23101	132.230818	0.001333
23201	46.294334	0.003824
23301	90.028580	0.001975
23401	48.177911	0.003706
23501	73.988929	0.002423
23601	92.746007	0.001941
23701	138.534003	0.001305
23801	38.627642	0.004701
23901	51.692525	0.003528
24001	32.940613	0.005559
24101	49.795467	0.003693
24201	18.507015	0.009977
24301	260.575124	0.000712
24401	56.664705	0.003285
24501	306.859963	0.000609
24601	437.667394	0.000429
24701	67.080561	0.002809
24801	273.285396	0.000692
24901	26.979923	0.007042
25001	88.842894	0.002147
25101	476.649139	0.000402
25201	58.454376	0.003289
25301	150.636380	0.001281
25401	75.675512	0.002561
25501	46.307252	0.004201
25601	231.853072	0.000842
25701	72.631675	0.002700
25801	387.712381	0.000508
25901	47.261909	0.004181
26001	53.752025	0.003691
26101	24.644039	0.008080
26201	98.274594	0.002034
26301	345.771996	0.000580
26401	45.905135	0.004388
26501	49.050983	0.004122
26601	238.629507	0.000850
26701	19.781440	0.010298
26801	159.699992	0.001280
26901	64.633130	0.003175
27001	219.215634	0.000940
27101	63.056738	0.003279
27201	66.934375	0.003100
27301	195.664915	0.001065
27401	45.922734	0.004552
27501	41.928915	0.005004
27601	90.894978	0.002317
27701	36.492343	0.005791
27801	131.911191	0.001608
27901	69.881085	0.003046
28001	91.552646	0.002333
28101	117.704766	0.001821
28201	37.573584	0.005726
28301	127.840981	0.001689
28401	210.943992	0.001027
28501	133.779872	0.001625
28601	51.038330	0.004275
28701	35.888308	0.006101
28801	22.951547	0.009574
28901	241.057825	0.000915
29001	385.933134	0.000573
29101	75.284495	0.002949
29201	80.011129	0.002784
29301	33.989449	0.006577
29401	591.527138	0.000379
29501	583.160461	0.000386
29601	74.689321	0.003024
29701	74.523252	0.003041
29801	41.717978	0.005450
29901	564.241937	0.000404
30001	58.063767	0.003942
30101	37.830506	0.006071
30201	84.635621	0.002722
30301	396.101932	0.000584
30401	512.764272	0.000452
30501	32.569425	0.007145
30601	88.958400	0.002624
30701	92.785612	0.002524
30801	206.353800	0.001139
30901	37.119328	0.006351
31001	218.268679	0.001084
31101	44.478447	0.005335
31201	223.179533	0.001067
31301	32.494756	0.007349
31401	132.484902	0.001808
31501	33.422416	0.007191
31601	102.148737	0.002360
31701	82.046651	0.002948
31801	483.641155	0.000502
31901	330.261550	0.000737
32001	94.497863	0.002584
32101	821.929438	0.000298
32201	667.558950	0.000368
32301	645.948245	0.000382
32401	166.823736	0.001482
32501	174.540965	0.001421
32601	617.045311	0.000403
32701	648.600481	0.000385
32801	87.859252	0.002848
32901	39.809192	0.006305
33001	36.663790	0.006867
33101	84.721060	0.002981
33201	52.262856	0.004847
33301	489.754437	0.000519
33401	38.419212	0.006633
33501	31.522766	0.008108
33601	26.722644	0.009593
33701	20.044992	0.012827
33801	76.895612	0.003354
33901	401.848058	0.000644
34001	304.304383	0.000852
34101	49.632462	0.005242
34201	67.646828	0.003857
34301	99.680410	0.002625
34401	135.085331	0.001943
34501	26.480526	0.009940
34601	21.475635	0.012292
34701	23.352916	0.011337
34801	40.115763	0.006619
34901	111.809204	0.002381
35001	38.798382	0.006883
35101	32.091789	0.008345
35201	112.830825	0.002380
35301	54.122899	0.004976
35401	123.396219	0.002189
35501	264.007379	0.001026
35601	703.490860	0.000386
35701	710.856204	0.000383
35801	629.576908	0.000434
35901	49.719283	0.005509
36001	196.289518	0.001399
36101	33.255922	0.008282
36201	331.947888	0.000832
36301	116.315774	0.002381
36401	382.542434	0.000726
36501	81.436825	0.003420
36601	47.404981	0.005891
36701	92.312636	0.003033
36801	707.744767	0.000397
36901	731.462553	0.000385
37001	828.086018	0.000341
37101	78.641542	0.003599
37201	88.763597	0.003197
37301	73.602978	0.003866
37401	81.835541	0.003487
37501	641.268877	0.000446
37601	441.917914	0.000649
37701	762.685869	0.000377
37801	44.662181	0.006457
37901	373.205767	0.000775
38001	110.202201	0.002631
38101	326.739769	0.000890
38201	555.288571	0.000525
38301	122.074425	0.002394
38401	272.284460	0.001076
38501	47.689624	0.006159
38601	28.081584	0.010487
38701	45.835501	0.006442
38801	64.050948	0.004622
38901	36.028471	0.008238
39001	275.223469	0.001081
39101	102.099389	0.002922
39201	37.882227	0.007895
39301	91.671774	0.003271
39401	126.207361	0.002382
39501	47.281520	0.006374
39601	92.272504	0.003274
39701	591.629004	0.000512
39801	237.184218	0.001280
39901	127.927537	0.002380
40001	252.856070	0.001207
40101	66.690600	0.004588
40201	526.760305	0.000582
40301	601.764016	0.000511
40401	39.951765	0.007715
40501	57.803781	0.005346
40601	97.960967	0.003162
40701	188.640841	0.001646
40801	90.089541	0.003455
40901	70.303691	0.004439
41001	52.591006	0.005948
41101	699.433082	0.000448
41201	51.490698	0.006105
41301	803.881848	0.000392
41401	534.309967	0.000591
41501	547.569735	0.000578
41601	100.793953	0.003149
41701	37.018421	0.008594
41801	143.766694	0.002218
41901	733.701322	0.000436
42001	617.011586	0.000519
42101	124.539719	0.002579
42201	455.352090	0.000707
42301	118.602957	0.002721
42401	831.110672	0.000389
42501	74.381221	0.004359
42601	88.572310	0.003670
42701	114.368130	0.002849
42801	32.150424	0.010157
42901	168.688846	0.001940
43001	568.801072	0.000577
43101	159.113408	0.002067
43201	299.186346	0.001102
43301	581.841162	0.000568
43401	517.525410	0.000640
43501	115.160853	0.002882
43601	30.848655	0.010783
43701	73.464384	0.004538
43801	845.615219	0.000395
43901	757.814138	0.000442
44001	115.775964	0.002900
44101	51.079832	0.006587
44201	315.878420	0.001068
44301	71.825836	0.004706
44401	857.947839	0.000395
44501	782.088536	0.000434
44601	146.714434	0.002319
44701	864.924865	0.000394
44801	876.450713	0.000390
44901	108.206671	0.003166
45001	89.450751	0.003838
45101	310.225491	0.001109
45201	84.128090	0.004099
45301	50.418777	0.006855
45401	881.924006	0.000393
45501	783.147603	0.000443
45601	72.880812	0.004774
45701	26.720347	0.013049
45801	121.363944	0.002879
45901	103.857179	0.003372
46001	669.930378	0.000524
46101	705.584266	0.000498
46201	49.430265	0.007131
46301	781.189136	0.000452
46401	880.888385	0.000402
46501	76.492658	0.004638
46601	689.244049	0.000516
46701	25.993926	0.013707
46801	292.103436	0.001222
46901	145.725440	0.002455
47001	184.472805	0.001944
47101	38.163847	0.009416
47201	161.064327	0.002236
47301	43.241144	0.008346
47401	72.264547	0.005004
47501	48.821196	0.007423
47601	278.617636	0.001303
47701	51.389420	0.007082
47801	105.005293	0.003473
47901	271.546266	0.001346
48001	113.064141	0.003239
48101	402.921567	0.000911
48201	66.272940	0.005549
48301	120.898125	0.003048
48401	116.861612	0.003160
48501	72.404413	0.005111
48601	187.571427	0.001977
48701	65.431425	0.005679
48801	556.264434	0.000669
48901	315.651659	0.001182
49001	279.413209	0.001338
49101	638.462796	0.000587
49201	27.971767	0.013420
49301	71.211170	0.005282
49401	529.074074	0.000712
49501	122.568355	0.003081
49601	57.058153	0.006632
49701	115.059503	0.003296
49801	957.190232	0.000397
49901	667.634597	0.000570
50001	134.187976	0.002843
50101	390.235996	0.000980
50201	128.179391	0.002988
50301	585.462935	0.000655
50401	43.215977	0.008898
50501	89.083245	0.004325
50601	56.648574	0.006815
50701	121.896075	0.003173
50801	47.696468	0.008126
50901	756.941657	0.000513
51001	870.831619	0.000447
51101	875.141147	0.000445
51201	858.502552	0.000455
51301	77.717411	0.005036
51401	147.054101	0.002667
51501	105.241779	0.003734
51601	131.573069	0.002992
51701	52.973618	0.007446
51801	504.874451	0.000783
51901	57.680401	0.006865
52001	82.407662	0.004814
52101	59.473056	0.006684
52201	98.956940	0.004025
52301	45.880797	0.008697
52401	189.598364	0.002109
52501	781.110788	0.000513
52601	129.427213	0.003101
52701	55.156928	0.007290
52801	227.154028	0.001773
52901	54.500320	0.007406
53001	521.993086	0.000775
53101	122.644353	0.003303
53201	691.511873	0.000587
53301	706.064837	0.000576
53401	158.276765	0.002574
53501	922.000244	0.000443
53601	915.733797	0.000447
53701	901.824569	0.000454
53801	155.869123	0.002633
53901	265.802199	0.001547
54001	65.013169	0.006337
54101	817.074287	0.000505
54201	266.353886	0.001553
54301	223.973568	0.001850
54401	921.162710	0.000451
54501	29.162836	0.014258
54601	65.180698	0.006391
54701	319.075161	0.001308
54801	151.649639	0.002757
54901	413.811149	0.001012
55001	131.714525	0.003186
55101	95.364648	0.004408
55201	60.140169	0.007003
55301	633.065507	0.000666
55401	142.502780	0.002966
55501	842.213252	0.000503
55601	904.727781	0.000469
55701	940.270771	0.000452
55801	154.804883	0.002750
55901	816.340668	0.000522
56001	816.525199	0.000523
56101	117.204763	0.003652
56201	161.867441	0.002649
56301	266.937641	0.001609
56401	159.142858	0.002704
56501	735.577981	0.000586
56601	194.192263	0.002224
56701	62.430248	0.006929
56801	64.738054	0.006694
56901	49.284343	0.008808
57001	970.322529	0.000448
57101	353.204818	0.001233
57201	110.633271	0.003945
57301	847.442411	0.000516
57401	572.603305	0.000765
57501	166.309993	0.002638
57601	694.802378	0.000632
57701	113.406206	0.003882
57801	732.909626	0.000602
57901	164.183077	0.002691
58001	997.428867	0.000444
58101	564.185669	0.000786
58201	40.453063	0.010977
58301	592.913361	0.000750
58401	172.809269	0.002578
58501	527.608431	0.000846
58601	130.487639	0.003426
58701	50.844436	0.008808
58801	73.950367	0.006066
58901	180.062701	0.002496
59001	116.966167	0.003848
59101	111.545336	0.004042
59201	156.834643	0.002880
59301	629.229485	0.000719
59401	701.759460	0.000646
59501	69.261252	0.006554
59601	40.143045	0.011327
59701	45.247069	0.010067
59801	109.004699	0.004186
59901	69.398628	0.006585
60001	34.508706	0.013265
60101	83.305038	0.005504
60201	99.656028	0.004609
60301	111.465364	0.004127
60401	378.856377	0.001216
60501	312.741639	0.001476
60601	125.560650	0.003682
60701	1054.851061	0.000439
60801	1018.503438	0.000455
60901	1017.275693	0.000457
61001	176.099034	0.002643
61101	797.652635	0.000584
61201	798.816799	0.000585
61301	150.845590	0.003100
61401	72.921360	0.006424
61501	47.250381	0.009930
61601	170.548799	0.002756
61701	119.179128	0.003950
61801	404.932864	0.001164
61901	176.261509	0.002679
62001	122.861185	0.003850
62101	466.542641	0.001016
62201	67.834235	0.006996
62301	693.362323	0.000686
62401	137.720436	0.003457
62501	167.278960	0.002851
62601	121.142270	0.003943
62701	189.730474	0.002521
62801	266.586275	0.001797
62901	470.568298	0.001020
63001	162.949765	0.002950
63101	514.458621	0.000936
63201	115.753524	0.004166
63301	50.468900	0.009569
63401	331.864144	0.001458
63501	164.217902	0.002950
63601	528.810623	0.000918
63701	112.184836	0.004332
63801	160.415411	0.003034
63901	62.517473	0.007798
64001	154.732719	0.003156
64101	171.530606	0.002851
64201	375.649588	0.001304
64301	719.821412	0.000682
64401	130.468483	0.003766
64501	105.712171	0.004655
64601	85.153715	0.005788
64701	107.707411	0.004583
64801	143.528912	0.003445
64901	134.025893	0.003694
65001	183.195805	0.002707
65101	93.852317	0.005292
65201	107.522094	0.004626
65301	159.441912	0.003125
65401	115.820670	0.004308
65501	119.811380	0.004171
65601	129.564868	0.003863
65701	153.433513	0.003267
65801	78.514360	0.006394
65901	212.996021	0.002361
66001	202.354385	0.002488
66101	266.333946	0.001894
66201	193.554838	0.002609
66301	193.838807	0.002610
66401	595.538682	0.000851
66501	238.883701	0.002124
66601	262.447931	0.001936
66701	240.556820	0.002115
66801	116.224914	0.004385
66901	165.154302	0.003091
67001	136.987464	0.003732
67101	124.329717	0.004118
67201	163.375917	0.003138
67301	567.038167	0.000906
67401	129.254925	0.003978
67501	146.903184	0.003506
67601	863.074429	0.000598
67701	196.992645	0.002622
67801	119.701951	0.004321
67901	255.638102	0.002026
68001	253.582956	0.002046
68101	690.882399	0.000752
68201	123.780513	0.004204
68301	135.740202	0.003839
68401	282.666084	0.001846
68501	66.810993	0.007822
68601	154.393209	0.003390
68701	98.972088	0.005296
68801	754.649352	0.000696
68901	145.769028	0.003606
69001	79.950534	0.006585
69101	103.826209	0.005078
69201	168.875265	0.003126
69301	741.703776	0.000713
69401	162.308290	0.003262
69501	88.166951	0.006014
69601	386.653867	0.001373
69701	209.529681	0.002538
69801	304.619986	0.001748
69901	88.167777	0.006049
70001	225.110285	0.002372
70101	411.637606	0.001299
70201	133.418552	0.004014
70301	192.446088	0.002787
70401	878.022961	0.000612
70501	77.569689	0.006934
70601	182.966115	0.002944
70701	365.667737	0.001475
70801	160.543130	0.003365
70901	132.835066	0.004072
71001	696.736122	0.000777
71101	95.504341	0.005680
71201	100.228929	0.005420
71301	151.663348	0.003587
71401	610.666987	0.000892
71501	135.665073	0.004021
71601	123.167379	0.004435
71701	97.643325	0.005602
71801	451.864647	0.001212
71901	112.089540	0.004894
72001	224.463681	0.002447
72101	150.203694	0.003662
72201	149.640855	0.003681
72301	106.008168	0.005203
72401	87.793244	0.006292
72501	560.728575	0.000986
72601	121.534505	0.004558
72701	219.007502	0.002533
72801	48.481733	0.011456
72901	473.738918	0.001174
73001	80.460705	0.006922
73101	157.689898	0.003537
73201	563.728561	0.000991
73301	138.528296	0.004037
73401	106.975756	0.005235
73501	247.021135	0.002270
73601	205.228716	0.002736
73701	364.108980	0.001544
73801	88.015094	0.006397
73901	123.152185	0.004578
74001	248.929315	0.002268
74101	286.053150	0.001976
74201	191.158200	0.002961
74301	1148.216890	0.000494
74401	184.466499	0.003077
74501	124.120303	0.004579
74601	266.048802	0.002139
74701	668.833182	0.000852
74801	744.066231	0.000767
74901	84.179406	0.006788
75001	145.288255	0.003938
75101	424.397340	0.001350
75201	90.197951	0.006361
75301	144.221400	0.003983
75401	148.106043	0.003884
75501	98.386096	0.005855
75601	268.587543	0.002147
75701	583.252183	0.000990
75801	70.779053	0.008171
75901	413.119498	0.001402
76001	210.939043	0.002749
76101	522.544961	0.001111
76201	157.583918	0.003689
76301	88.906914	0.006548
76401	854.933282	0.000682
76501	553.350668	0.001055
76601	95.952713	0.006091
76701	536.951604	0.001090
76801	149.920957	0.003908
76901	203.796468	0.002879
77001	350.063302	0.001678
77101	65.689208	0.008955
77201	487.576680	0.001208
77301	133.180168	0.004428
77401	234.585668	0.002517
77501	143.945747	0.004108
77601	692.522265	0.000855
77701	122.814970	0.004827
77801	157.841609	0.003761
77901	93.837112	0.006334
78001	163.682887	0.003636
78101	135.706536	0.004391
78201	179.212676	0.003329
78301	352.099763	0.001697
78401	224.778630	0.002661
78501	583.471834	0.001026
78601	171.224792	0.003502
78701	213.119510	0.002817
78801	672.811203	0.000894
78901	213.765825	0.002816
79001	293.509333	0.002054
79101	91.006562	0.006631
79201	102.837737	0.005876
79301	140.130743	0.004318
79401	342.029733	0.001771
79501	299.522800	0.002025
79601	173.383026	0.003503
79701	362.437553	0.001678
79801	234.356315	0.002598
79901	465.879790	0.001308
80001	210.836062	0.002895
80101	574.827966	0.001063
80201	133.321725	0.004590
80301	64.772826	0.009458
80401	168.635631	0.003637
80501	202.717668	0.003030
80601	193.806772	0.003173
80701	1040.779459	0.000592
80801	178.149098	0.003460
80901	395.976071	0.001559
81001	102.142700	0.006050
81101	78.383817	0.007894
81201	151.091307	0.004100
81301	151.799325	0.004086
81401	67.443607	0.009208
81501	562.532389	0.001105
81601	210.489234	0.002958
81701	1019.639752	0.000611
81801	155.815667	0.004005
81901	191.343288	0.003266
82001	553.835607	0.001130
82101	190.670171	0.003285
82201	927.202556	0.000676
82301	170.938385	0.003673
82401	163.164341	0.003853
82501	100.820069	0.006243
82601	261.409556	0.002411
82701	622.059247	0.001014
82801	85.086628	0.007424
82901	194.854071	0.003246
83001	934.378171	0.000678
83101	251.645372	0.002519
83201	893.663744	0.000710
83301	639.341502	0.000994
83401	207.291822	0.003070
83501	57.782562	0.011025
83601	877.452830	0.000727
83701	178.697017	0.003574
83801	411.672338	0.001553
83901	237.706684	0.002693
84001	163.368784	0.003923
84101	222.129636	0.002889
84201	465.416262	0.001380
84301	142.408501	0.004516
84401	227.241965	0.002834
84501	204.456632	0.003153
84601	200.009839	0.003227
84701	245.240542	0.002635
84801	115.663896	0.005594
84901	188.488678	0.003437
85001	96.695072	0.006707
85101	193.246209	0.003360
85201	166.367051	0.003907
85301	70.093732	0.009285
85401	239.226790	0.002724
85501	167.158078	0.003902
85601	187.529421	0.003483
85701	138.389131	0.004725
85801	181.796425	0.003601
85901	98.437231	0.006658
86001	110.358426	0.005945
86101	223.163930	0.002944
86201	112.212839	0.005861
86301	124.899859	0.005272
86401	163.221089	0.004039
86501	152.206115	0.004336
86601	116.884848	0.005653
86701	287.975335	0.002297
86801	129.234861	0.005124
86901	378.522123	0.001752
87001	158.807202	0.004180
87101	578.370770	0.001149
87201	203.426508	0.003270
87301	145.921720	0.004564
87401	68.728769	0.009702
87501	923.084897	0.000723
87601	192.070796	0.003480
87701	936.378354	0.000715
87801	188.436869	0.003555
87901	190.789781	0.003515
88001	178.231239	0.003767
88101	167.170256	0.004021
88201	727.328047	0.000925
88301	198.884848	0.003387
88401	191.512989	0.003522
88501	136.509464	0.004946
88601	102.662222	0.006584
88701	147.181588	0.004598
88801	203.004188	0.003337
88901	718.005917	0.000945
89001	112.652174	0.006028
89101	253.890591	0.002677
89201	233.481560	0.002915
89301	207.812668	0.003278
89401	358.281288	0.001904
89501	651.253149	0.001048
89601	149.879805	0.004561
89701	121.481830	0.005633
89801	470.503754	0.001456
89901	227.028536	0.003021
90001	879.614161	0.000781
90101	252.006762	0.002728
90201	677.025166	0.001016
90301	197.265702	0.003492
90401	200.770069	0.003435
90501	133.387811	0.005176
90601	289.734872	0.002386
90701	405.695503	0.001706
90801	1079.368279	0.000642
90901	213.565211	0.003247
91001	232.411273	0.002987
91101	359.266645	0.001935
91201	153.755487	0.004525
91301	164.985980	0.004222
91401	135.774414	0.005136
91501	749.944040	0.000931
91601	1012.837896	0.000690
91701	91.437453	0.007651
91801	173.759958	0.004031
91901	753.387897	0.000931
92001	145.709895	0.004817
92101	92.790404	0.007573
92201	388.242075	0.001812
92301	188.737216	0.003731
92401	171.220622	0.004117
92501	256.860473	0.002748
92601	179.537666	0.003935
92701	810.281320	0.000873
92801	204.089406	0.003469
92901	103.325744	0.006860
93001	638.562552	0.001111
93101	225.128379	0.003155
93201	180.448179	0.003941
93301	191.623173	0.003715
93401	672.344064	0.001060
93501	226.773546	0.003146
93601	232.809677	0.003067
93701	132.978583	0.005376
93801	145.513113	0.004918
93901	146.959678	0.004875
94001	276.675030	0.002592
94101	1105.213540	0.000650
94201	997.379024	0.000721
94301	227.372744	0.003164
94401	183.488015	0.003925
94501	130.003304	0.005546
94601	275.618735	0.002619
94701	271.638595	0.002660
94801	553.149545	0.001308
94901	124.121400	0.005833
95001	176.567843	0.004105
95101	675.958096	0.001073
95201	187.872872	0.003866
95301	248.727354	0.002923
95401	524.876075	0.001387
95501	253.441273	0.002875
95601	219.315476	0.003326
95701	567.580372	0.001286
95801	162.961108	0.004485
95901	105.342212	0.006946
96001	109.197191	0.006707
96101	175.123211	0.004187
96201	127.016482	0.005778
96301	1048.949043	0.000700
96401	135.249355	0.005438
96501	131.141764	0.005614
96601	199.195043	0.003700
96701	128.136867	0.005758
96801	333.142447	0.002217
96901	147.144128	0.005024
97001	121.937483	0.006069
97101	1049.069090	0.000706
97201	134.367475	0.005519
97301	608.596036	0.001220
97401	170.862591	0.004349
97501	1093.932419	0.000680
97601	1137.893878	0.000654
97701	208.006585	0.003584
97801	153.367975	0.004865
97901	732.687615	0.001019
98001	197.639450	0.003783
98101	196.017827	0.003818
98201	671.333752	0.001116
98301	564.927271	0.001328
98401	290.065961	0.002588
98501	99.874265	0.007524
98601	1086.637369	0.000692
98701	217.677026	0.003459
98801	644.658259	0.001169
98901	249.195806	0.003028
99001	973.258945	0.000776
99101	451.940868	0.001673
99201	340.587091	0.002222
99301	141.122406	0.005368
99401	140.065164	0.005414
99501	234.296651	0.003240
99601	193.200314	0.003933
99701	487.334731	0.001561
99801	113.725431	0.006695
99901	121.083638	0.006295
100001	213.101360	0.003580
100101	223.354985	0.003419
100201	353.661508	0.002162
100301	780.928278	0.000980
100401	100.457495	0.007625
100501	241.251440	0.003178
100601	801.190905	0.000958
100701	123.007315	0.006246
100801	187.709610	0.004097
100901	149.442964	0.005151
101001	195.724227	0.003937
101101	312.889539	0.002465
101201	953.141965	0.000810
101301	1112.351756	0.000695
101401	65.991307	0.011723
101501	158.758026	0.004878
101601	155.549318	0.004983
101701	218.694117	0.003548
101801	159.896409	0.004857
101901	204.400806	0.003804
102001	381.334076	0.002041
102101	150.172158	0.005187
102201	630.182542	0.001237
102301	252.753101	0.003088
102401	171.416467	0.004558
102501	174.385127	0.004484
102601	164.858417	0.004748
102701	397.961201	0.001969
102801	768.097716	0.001021
102901	93.807454	0.008369
103001	396.621086	0.001981
103101	1136.007489	0.000692
103201	205.816158	0.003826
103301	156.864982	0.005024
103401	489.255771	0.001612
103501	145.028004	0.005445
103601	107.765631	0.007335
103701	361.561739	0.002188
103801	238.785785	0.003317
103901	231.363107	0.003426
104001	273.495050	0.002901
104101	412.441899	0.001926
104201	253.071386	0.003141
104301	222.529025	0.003576
104401	716.845832	0.001111
104501	116.006023	0.006873
104601	226.716335	0.003520
104701	437.603984	0.001825
104801	257.389588	0.003106
104901	251.711800	0.003180
105001	797.172068	0.001005
105101	199.905036	0.004011
105201	246.046904	0.003262
105301	201.803118	0.003981
105401	279.627142	0.002876
105501	318.751184	0.002525
105601	141.682525	0.005686
105701	219.595273	0.003672
105801	160.493633	0.005029
105901	141.524924	0.005709
106001	123.556884	0.006545
106101	173.639249	0.004662
106201	213.577432	0.003794
106301	135.304972	0.005994
106401	275.087793	0.002951
106501	758.013247	0.001072
106601	291.876215	0.002786
106701	248.098193	0.003281
106801	1195.131296	0.000682
106901	1017.115033	0.000802
107001	123.358560	0.006618
107101	787.767559	0.001037
107201	211.703300	0.003863
107301	232.684962	0.003518
107401	120.101007	0.006823
107501	614.108301	0.001336
107601	211.610460	0.003879
107701	255.927524	0.003211
107801	1128.786083	0.000729
107901	251.641321	0.003271
108001	213.110723	0.003866
108101	512.591092	0.001609
108201	192.873190	0.004280
108301	335.532884	0.002463
108401	243.419901	0.003398
108501	223.080004	0.003711
108601	236.613869	0.003502
108701	173.967232	0.004767
108801	252.159841	0.003292
108901	232.117972	0.003579
109001	188.939438	0.004401
109101	260.327176	0.003197
109201	1220.689809	0.000683
109301	724.739404	0.001151
109401	369.475009	0.002259
109501	212.293203	0.003935
109601	239.755183	0.003488
109701	745.129257	0.001123
109801	258.422319	0.003242
109901	166.488876	0.005036
110001	268.363117	0.003127
110101	245.615231	0.003420
110201	190.091322	0.004423
110301	133.047767	0.006325
110401	1250.338701	0.000674
110501	200.041079	0.004214
110601	193.496851	0.004361
110701	213.908542	0.003948
110801	263.820109	0.003204
110901	216.378331	0.003910
111001	122.433612	0.006917
111101	579.185168	0.001463
111201	313.680768	0.002705
111301	226.633289	0.003747
111401	321.690262	0.002642
111501	168.662214	0.005044
111601	221.405754	0.003846
111701	880.108985	0.000968
111801	120.423385	0.007083
111901	152.064283	0.005614
112001	233.283772	0.003663
112101	133.433715	0.006410
112201	872.680363	0.000981
112301	244.639407	0.003502
112401	232.339505	0.003691
112501	279.076051	0.003076
112601	320.102285	0.002684
112701	278.300119	0.003090
112801	173.416601	0.004963
112901	176.299132	0.004886
113001	215.969590	0.003992
113101	721.062984	0.001197
113201	145.787598	0.005924
113301	759.647016	0.001138
113401	298.177610	0.002902
113501	114.901091	0.007536
113601	184.053097	0.004709
113701	192.991550	0.004495
113801	220.953516	0.003929
113901	270.917934	0.003208
114001	125.883516	0.006909
114101	185.014945	0.004705
114201	239.443741	0.003639
114301	1411.411673	0.000618
114401	138.890269	0.006284
114501	365.573733	0.002390
114601	170.248631	0.005136
114701	285.181642	0.003069
114801	210.462219	0.004162
114901	199.338937	0.004398
115001	192.957543	0.004547
115101	175.650804	0.004999
115201	225.384822	0.003900
115301	235.237078	0.003740
115401	280.705529	0.003137
115501	240.601690	0.003662
115601	682.723264	0.001292
115701	116.479359	0.007578
115801	186.014140	0.004750
115901	368.575214	0.002399
116001	148.279735	0.005969
116101	264.653339	0.003347
116201	150.635881	0.005885
116301	137.868221	0.006436
116401	1281.932277	0.000693
116501	291.466555	0.003050
116601	241.984299	0.003676
116701	189.946706	0.004687
116801	222.526395	0.004005
116901	258.881212	0.003445
117001	236.477479	0.003775
117101	290.485124	0.003076
117201	846.914162	0.001056
117301	103.590028	0.008639
117401	235.038387	0.003811
117501	1047.085248	0.000856
117601	307.185666	0.002921
117701	374.205093	0.002400
117801	393.756933	0.002283
117901	288.817671	0.003114
118001	176.794960	0.005092
118101	227.732771	0.003957
118201	170.346624	0.005294
118301	178.327683	0.005061
118401	670.544766	0.001347
118501	135.148585	0.006690
118601	262.893377	0.003442
118701	234.461246	0.003863
118801	201.184197	0.004505
118901	227.312123	0.003991
119001	280.537385	0.003236
119101	184.429796	0.004927
119201	190.749300	0.004768
119301	324.026275	0.002809
119401	295.542922	0.003082
119501	1058.568734	0.000861
119601	350.285341	0.002605
119701	208.742622	0.004375
119801	922.131924	0.000991
119901	177.304837	0.005159
120001	359.285285	0.002548
120101	132.027444	0.006940
120201	767.686852	0.001195
120301	329.313139	0.002787
120401	124.942971	0.007352
120501	282.194550	0.003258
120601	223.822657	0.004111
120701	321.374195	0.002865
120801	359.163579	0.002566
120901	327.770983	0.002814
121001	225.900084	0.004087
121101	450.877985	0.002049
121201	245.034264	0.003774
121301	470.370005	0.001968
121401	224.618918	0.004124
121501	122.427169	0.007572
121601	186.289039	0.004980
121701	368.463452	0.002520
121801	191.948813	0.004841
121901	686.198722	0.001355
122001	213.473219	0.004360
122101	345.761030	0.002694
122201	256.498674	0.003635
122301	205.646583	0.004537
122401	272.052848	0.003433
122501	180.859329	0.005168
122601	358.098943	0.002612
122701	128.500527	0.007285
122801	154.401742	0.006068
122901	192.326904	0.004875
123001	213.550870	0.004394
123101	1018.439889	0.000922
123201	333.638872	0.002817
123301	883.888965	0.001064
123401	324.803799	0.002899
123501	848.812669	0.001110
123601	154.959525	0.006085
123701	682.374072	0.001383
123801	131.156024	0.007202
123901	973.149612	0.000971
124001	148.227784	0.006382
124101	291.169556	0.003252
124201	831.826312	0.001139
124301	1114.257005	0.000851
124401	116.849273	0.008122
124501	184.540973	0.005147
124601	164.044725	0.005795
124701	534.233488	0.001781
124801	250.992970	0.003794
124901	259.174223	0.003677
125001	319.674843	0.002983
125101	324.143983	0.002945
125201	210.081916	0.004547
125301	242.030538	0.003950
125401	279.235328	0.003426
125501	209.177696	0.004577
125601	225.886052	0.004242
125701	259.637209	0.003694
125801	224.186913	0.004281
125901	286.401401	0.003354
126001	117.710392	0.008167
126101	196.070780	0.004907
126201	214.956151	0.004479
126301	665.696503	0.001448
126401	329.174555	0.002930
126501	165.647428	0.005826
126601	329.649811	0.002930
126701	328.563822	0.002942
126801	327.539170	0.002954
126901	1046.447630	0.000925
127001	309.731379	0.003128
127101	957.220553	0.001013
127201	182.942932	0.005305
127301	335.097145	0.002898
127401	207.804021	0.004677
127501	308.198798	0.003156
127601	124.993904	0.007789
127701	529.180624	0.001841
127801	122.727243	0.007945
127901	482.181177	0.002024
128001	207.246420	0.004712
128101	362.836140	0.002694
128201	235.032044	0.004162
128301	198.882780	0.004922
128401	226.535580	0.004324
128501	140.628040	0.006971
128601	246.042248	0.003988
128701	460.026983	0.002134
128801	512.514674	0.001917
128901	184.400158	0.005333
129001	384.896757	0.002557
129101	294.635606	0.003343
129201	1247.746380	0.000790
129301	376.564176	0.002620
129401	908.189223	0.001087
129501	290.820583	0.003397
129601	291.460229	0.003392
129701	95.356241	0.010377
129801	607.561649	0.001630
129901	298.017548	0.003326
130001	289.856553	0.003422
130101	182.319206	0.005444
130201	135.673631	0.007322
130301	237.394011	0.004188
130401	134.673336	0.007387
130501	363.278640	0.002741
130601	316.460846	0.003149
130701	869.506592	0.001147
130801	246.853953	0.004043
130901	269.484817	0.003706
131001	289.310558	0.003455
131101	266.806762	0.003749
131201	691.191472	0.001448
131301	156.192718	0.006414
131401	211.694727	0.004736
131501	92.595493	0.010835
131601	123.821945	0.008109
131701	141.515382	0.007100
131801	538.571192	0.001867
131901	86.185689	0.011676
132001	118.366830	0.008508
132101	134.383385	0.007500
132201	195.798201	0.005151
132301	92.931407	0.010862
132401	85.429806	0.011824
132501	119.588355	0.008453
132601	147.179934	0.006874
132701	134.921942	0.007504
132801	854.638932	0.001186
132901	238.617125	0.004249
133001	150.178738	0.006757
133101	217.955397	0.004659
133201	135.168877	0.007518
133301	256.036254	0.003972
133401	258.572348	0.003936
133501	105.940740	0.009614
133601	120.432211	0.008464
133701	141.530064	0.007207
133801	89.266858	0.011436
133901	272.613637	0.003747
134001	117.320827	0.008714
134101	148.109737	0.006908
134201	130.494422	0.007846
134301	100.148817	0.010231
134401	298.440711	0.003436
134501	288.747848	0.003554
134601	224.898780	0.004566
134701	99.760040	0.010302
134801	247.081593	0.004162
134901	222.208235	0.004632
135001	115.838344	0.008891
135101	222.137756	0.004640
135201	276.003091	0.003737
135301	97.639320	0.010572
135401	319.054792	0.003238
135501	120.112853	0.008607
135601	258.691915	0.003999
135701	283.113145	0.003657
135801	315.375343	0.003285
135901	101.977110	0.010167
136001	112.711926	0.009206
136101	239.491321	0.004336
136201	78.019571	0.013319
136301	125.033360	0.008317
136401	100.623345	0.010342
136501	175.609356	0.005930
136601	286.380392	0.003639
136701	97.366172	0.010712
136801	232.783770	0.004484
136901	141.186160	0.007398
137001	239.891415	0.004357
137101	296.408934	0.003529
137201	253.641339	0.004127
137301	167.259973	0.006263
137401	235.993883	0.004442
137501	97.458749	0.010764
137601	768.286064	0.001366
137701	103.885071	0.010113
137801	90.819206	0.011576
137901	152.828007	0.006884
138001	135.743445	0.007756
138101	252.956355	0.004165
138201	146.602066	0.007192
138301	901.866594	0.001170
138401	232.084629	0.004550
138501	96.705386	0.010927
138601	118.742014	0.008905
138701	123.338820	0.008580
138801	192.659470	0.005497
138901	450.351937	0.002353
139001	80.916026	0.013106
139101	565.655281	0.001876
139201	124.903806	0.008503
139301	99.562637	0.010675
139401	53.660797	0.019820
139501	122.751424	0.008670
139601	92.167374	0.011556
139701	163.509939	0.006518
139801	143.091556	0.007454
139901	125.154727	0.008528
140001	110.174560	0.009695
140101	113.549840	0.009413
140201	123.510571	0.008660
140301	102.977210	0.010395
140401	75.877560	0.014117
140501	94.999420	0.011284
140601	79.644352	0.013469
140701	151.714906	0.007076
140801	95.678085	0.011228
140901	292.932282	0.003670
141001	255.567967	0.004209
141101	147.471181	0.007300
141201	395.459212	0.002724
141301	56.357007	0.019129
141401	91.347676	0.011810
141501	263.353789	0.004099
141601	146.315708	0.007384
141701	249.578533	0.004332
141801	97.388408	0.011109
141901	125.319388	0.008639
142001	60.176380	0.018003
142101	101.293676	0.010703
142201	71.010653	0.015278
142301	140.169279	0.007745
142401	280.298137	0.003876
142501	99.024954	0.010979
142601	267.394848	0.004069
142701	131.353874	0.008288
142801	210.746310	0.005170
142901	111.734069	0.009758
143001	283.314318	0.003851
143101	128.640381	0.008487
143201	97.713564	0.011181
143301	325.804850	0.003356
143401	789.924256	0.001385
143501	292.936686	0.003737
143601	167.606032	0.006537
143701	194.394665	0.005640
143801	82.457342	0.013305
143901	242.665105	0.004524
144001	102.402440	0.010729
144101	81.684514	0.013459
144201	90.271902	0.012187
144301	87.939342	0.012519
144401	119.984322	0.009182
144501	93.534714	0.011787
144601	228.953784	0.004819
144701	261.625150	0.004220
144801	129.661578	0.008520
144901	58.631878	0.018855
145001	336.919811	0.003283
145101	337.577058	0.003279
145201	234.063775	0.004733
145301	325.535914	0.003405
145401	112.180607	0.009889
145501	74.449346	0.014911
145601	108.943331	0.010197
145701	82.698384	0.013442
145801	77.043929	0.014438
145901	268.991749	0.004138
146001	130.176726	0.008557
146101	88.501963	0.012595
146201	92.167262	0.012102
146301	67.196434	0.016611
146401	127.768331	0.008742
146501	160.664577	0.006957
146601	131.377942	0.008513
146701	58.659757	0.019080
146801	80.493638	0.013914
146901	144.901058	0.007735
147001	81.384293	0.013781
147101	109.284124	0.010269
147201	258.925841	0.004337
147301	80.226718	0.014008
147401	132.004522	0.008519
147501	154.346006	0.007291
147601	91.599501	0.012294
147701	112.864859	0.009984
147801	156.334675	0.007213
147901	156.236681	0.007222
148001	52.918723	0.021338
148101	190.186524	0.005941
148201	59.540068	0.018990
148301	40.383446	0.028018
148401	95.826365	0.011815
148501	45.891383	0.024688
148601	144.074063	0.007869
148701	98.322527	0.011539
148801	108.684141	0.010446
148901	44.640655	0.025448
149001	184.941273	0.006147
149101	96.626061	0.011773
149201	264.991582	0.004296
149301	78.450655	0.014520
149401	211.531184	0.005389
149501	331.724078	0.003438
149601	182.453336	0.006256
149701	90.125058	0.012673
149801	67.158653	0.017018
149901	113.015815	0.010119
150001	157.826311	0.007251
150101	297.403567	0.003851
150201	287.282262	0.003989
150301	307.870595	0.003725
150401	162.623081	0.007056
150501	322.398568	0.003562
150601	153.355464	0.007492
150701	213.821890	0.005377
150801	100.650947	0.011431
150901	60.717456	0.018961
151001	449.034482	0.002566
151101	301.888761	0.003819
151201	120.998813	0.009534
151301	54.816424	0.021058
151401	245.766964	0.004700
151501	154.774503	0.007468
151601	268.890758	0.004301
151701	51.487852	0.022479
151801	51.684770	0.022408
151901	128.981645	0.008985
152001	352.973146	0.003285
152101	355.511075	0.003264
152201	144.706696	0.008025
152301	50.510316	0.023004
152401	322.179352	0.003609
152501	164.748650	0.007062
152601	88.185308	0.013202
152701	1000.504754	0.001164
152801	50.118778	0.023260
152901	212.261736	0.005496
153001	181.879697	0.006418
153101	72.388165	0.016136
153201	50.586953	0.023105
153301	135.652578	0.008622
153401	262.025676	0.004467
153501	342.760282	0.003417
153601	137.533233	0.008521
153701	109.328341	0.010726
153801	101.241047	0.011590
153901	90.019542	0.013044
154001	207.178995	0.005671
154101	344.202225	0.003416
154201	350.083568	0.003361
154301	140.879423	0.008356
154401	71.492411	0.016477
154501	145.606834	0.008095
154601	93.866228	0.012566
154701	60.135277	0.019627
154801	220.883704	0.005347
154901	105.287267	0.011225
155001	153.751571	0.007691
155101	366.782075	0.003226
155201	114.853308	0.010310
155301	67.978259	0.017430
155401	226.331261	0.005238
155501	96.471836	0.012298
155601	66.588368	0.017828
155701	419.001642	0.002835
155801	86.365935	0.013763
155901	172.183978	0.006908
156001	137.115882	0.008680
156101	160.244660	0.007432
156201	358.500168	0.003324
156301	1216.901034	0.000980
156401	121.332989	0.009834
156501	46.443231	0.025709
156601	275.479205	0.004337
156701	155.238439	0.007701
156801	149.568578	0.007998
156901	104.166179	0.011492
157001	135.145880	0.008863
157101	98.626796	0.012153
157201	179.247065	0.006691
157301	154.980539	0.007744
157401	150.110044	0.008000
157501	305.912021	0.003928
157601	333.450089	0.003606
157701	163.987546	0.007337
157801	247.321327	0.004868
157901	273.215616	0.004409
158001	323.600206	0.003725
158101	66.932365	0.018021
158201	152.946841	0.007891
158301	785.715480	0.001537
158401	84.316388	0.014333
158501	246.696273	0.004902
158601	348.894031	0.003468
158701	63.660145	0.019020
158801	118.163196	0.010253
158901	256.260250	0.004731
159001	179.309114	0.006765
159101	361.719677	0.003356
159201	1188.777033	0.001022
159301	369.550218	0.003289
159401	74.829252	0.016252
159501	339.393668	0.003586
159601	247.839713	0.004913
159701	157.090445	0.007756
159801	74.709878	0.016319
159901	149.928435	0.008137
160001	172.454921	0.007078
160101	1066.166505	0.001146
160201	365.586929	0.003343
160301	371.733719	0.003290
160401	1193.498087	0.001025
160501	148.913614	0.008223
160601	143.402932	0.008544
160701	158.405245	0.007740
160801	187.437287	0.006545
160901	278.091202	0.004414
161001	47.820889	0.025686
161101	144.629696	0.008498
161201	254.505755	0.004832
161301	182.726458	0.006735
161401	363.327821	0.003389
161501	138.257771	0.008912
161601	360.964471	0.003416
161701	109.444128	0.011272
161801	240.010298	0.005143
161901	46.053322	0.026821
162001	124.445966	0.009932
162101	342.678398	0.003609
162201	52.367365	0.023631
162301	319.532081	0.003875
162401	355.432735	0.003486
162501	337.465141	0.003674
162601	376.692541	0.003293
162701	62.799562	0.019766
162801	147.381547	0.008428
162901	272.189894	0.004566
163001	331.728693	0.003749
163101	53.007314	0.023475
163201	214.787854	0.005797
163301	179.565257	0.006938
163401	267.400265	0.004662
163501	90.364671	0.013804
163601	109.830228	0.011365
163701	103.623723	0.012053
163801	285.793623	0.004373
163901	236.128570	0.005296
164001	373.920090	0.003346
164101	367.562707	0.003406
164201	288.079796	0.004349
164301	242.443779	0.005170
164401	197.953095	0.006336
164501	93.653184	0.013401
164601	307.844323	0.004079
164701	355.032887	0.003539
164801	115.295644	0.010905
164901	160.682773	0.007830
165001	153.733902	0.008189
165101	109.029930	0.011553
165201	75.418886	0.016712
165301	71.481653	0.017643
165401	64.885292	0.019448
165501	126.339113	0.009994
165601	160.981182	0.007848
165701	163.699952	0.007723
165801	163.515771	0.007736
165901	104.748149	0.012083
166001	84.050791	0.015068
166101	99.243116	0.012769
166201	158.636302	0.007993
166301	155.256664	0.008172
166401	208.560570	0.006087
166501	201.045305	0.006318
166601	72.984413	0.017416
166701	78.398089	0.016223
166801	90.960819	0.013991
166901	106.928936	0.011908
167001	163.068029	0.007813
167101	158.115633	0.008063
167201	318.283608	0.004008
167301	156.099543	0.008177
167401	163.887325	0.007793
167501	168.008646	0.007606
167601	106.651689	0.011989
167701	81.942789	0.015614
167801	131.323714	0.009749
167901	144.166106	0.008885
168001	85.771415	0.014944
168101	104.638812	0.012257
168201	144.732901	0.008866
168301	68.990951	0.018612
168401	307.978182	0.004172
168501	99.142052	0.012967
168601	83.963682	0.015320
168701	95.696714	0.013450
168801	205.197294	0.006276
168901	357.900526	0.003600
169001	116.908092	0.011029
169101	336.160457	0.003838
169201	102.416434	0.012604
169301	127.204828	0.010154
169401	98.817887	0.013079
169501	89.057893	0.014521
169601	148.031309	0.008741
169701	117.932734	0.010978
169801	167.719655	0.007724
169901	379.887816	0.003412
170001	112.197467	0.011560
170101	96.090752	0.013506
170201	59.090545	0.021975
170301	152.662349	0.008511
170401	228.368992	0.005693
170501	53.364952	0.024376
170601	225.664812	0.005768
170701	65.283564	0.019949
170801	169.136067	0.007704
170901	80.743928	0.016148
171001	108.958130	0.011974
171101	75.240458	0.017350
171201	167.927661	0.007778
171301	143.158410	0.009129
171401	68.188791	0.019177
171501	153.510781	0.008523
171601	65.979368	0.019843
171701	96.536553	0.013570
171801	118.294470	0.011080
171901	136.395431	0.009615
172001	1271.227909	0.001032
172101	129.581364	0.010133
172201	90.788463	0.014471
172301	173.752305	0.007566
172401	84.454770	0.015574
172501	334.097462	0.003939
172601	92.906584	0.014174
172701	55.967284	0.023542
172801	401.412669	0.003284
172901	604.555402	0.002182
173001	198.940671	0.006635
173101	93.998480	0.014050
173201	164.385268	0.008039
173301	158.663241	0.008333
173401	157.931677	0.008377
173501	101.020546	0.013103
173601	115.526348	0.011465
173701	68.439804	0.019363
173801	113.696347	0.011663
173901	128.868575	0.010295
174001	76.807984	0.017284
174101	360.918746	0.003680
174201	198.523304	0.006695
174301	139.424094	0.009538
174401	340.372260	0.003909
174501	186.484252	0.007139
174601	116.046431	0.011479
174701	118.836091	0.011216
174801	62.479668	0.021345
174901	101.223172	0.013183
175001	142.779244	0.009351
175101	88.190085	0.015148
175201	63.417016	0.021078
175301	92.858733	0.014403
175401	99.621729	0.013433
175501	120.153232	0.011144
175601	250.858506	0.005341
175701	89.518350	0.014974
175801	64.752371	0.020714
175901	50.987000	0.026321
176001	80.396874	0.016702
176101	1054.063227	0.001275
176201	104.314617	0.012887
176301	332.989135	0.004039
176401	383.488627	0.003509
176501	337.379737	0.003991
176601	361.358413	0.003729
176701	224.067423	0.006017
176801	106.687526	0.012643
176901	86.667399	0.015573
177001	92.881703	0.014539
177101	362.898496	0.003723
177201	58.727325	0.023021
177301	93.709425	0.014435
177401	201.447058	0.006719
177501	156.732449	0.008640
177601	225.981512	0.005996
177701	142.134976	0.009538
177801	361.708480	0.003750
177901	139.426902	0.009735
178001	290.871468	0.004669
178101	128.943752	0.010538
178201	1000.797027	0.001358
178301	148.722172	0.009147
178401	53.989266	0.025210
178501	59.121777	0.023035
178601	254.410942	0.005356
178701	77.920177	0.017497
178801	140.645784	0.009699
178901	297.173252	0.004593
179001	158.316099	0.008626
179101	145.054459	0.009420
179201	157.475081	0.008682
179301	182.194743	0.007508
179401	54.537867	0.025097
179501	350.612718	0.003906
179601	216.434622	0.006331
179701	155.245519	0.008831
179801	177.302030	0.007737
179901	172.951149	0.007936
180001	67.946969	0.020211
180101	64.850692	0.021188
180201	323.765158	0.004246
180301	323.877629	0.004247
180401	94.033890	0.014637
180501	122.430412	0.011248
180601	460.635719	0.002991
180701	189.550937	0.007273
180801	147.618565	0.009344
180901	188.060976	0.007339
181001	294.542142	0.004688
181101	111.583080	0.012383
181201	176.103511	0.007850
181301	120.605673	0.011469
181401	59.539794	0.023245
181501	396.699152	0.003491
181601	331.632615	0.004178
181701	365.232039	0.003796
181801	71.630747	0.019364
181901	111.382374	0.012460
182001	103.346836	0.013436
182101	153.440025	0.009054
182201	93.182283	0.014918
182301	77.281801	0.017997
182401	145.954645	0.009535
182501	1261.820273	0.001103
182601	121.434520	0.011472
182701	41.392724	0.033675
182801	82.864203	0.016831
182901	123.999611	0.011253
183001	103.085643	0.013544
183101	87.511431	0.015963
183201	104.937199	0.013320
183301	63.931151	0.021875
183401	123.522045	0.011328
183501	86.277253	0.016227
183601	74.444199	0.018816
183701	109.907876	0.012752
183801	153.437550	0.009139
183901	187.604693	0.007479
184001	143.772596	0.009764
184101	350.288416	0.004010
184201	94.006311	0.014949
184301	60.047384	0.023417
184401	93.799296	0.014999
184501	85.598466	0.016445
184601	169.267478	0.008321
184701	163.266326	0.008631
184801	92.090989	0.015310
184901	160.793967	0.008773
185001	392.541003	0.003596
185101	297.117774	0.004753
185201	132.006613	0.010704
185301	101.847072	0.013881
185401	65.295524	0.021663
185501	142.914462	0.009903
185601	130.104332	0.010884
185701	162.058052	0.008742
185801	144.456636	0.009813
185901	94.523951	0.015005
186001	90.276443	0.015719
186101	1380.039587	0.001029
186201	197.633272	0.007188
186301	90.520856	0.015702
186401	84.758734	0.016779
186501	212.190136	0.006706
186601	102.303128	0.013916
186701	184.435685	0.007723
186801	180.776201	0.007884
186901	104.519062	0.013643
187001	123.100670	0.011590
187101	217.945472	0.006550
187201	125.186076	0.011409
187301	82.165909	0.017392
187401	104.677598	0.013659
187501	73.435605	0.019480
187601	77.475673	0.018474
187701	328.437765	0.004360
187801	168.880628	0.008484
187901	151.035253	0.009492
188001	100.572627	0.014262
188101	133.429165	0.010755
188201	81.508671	0.017616
188301	85.828021	0.016738
188401	115.986876	0.012393
188501	126.200574	0.011396
188601	254.328408	0.005658
188701	332.613011	0.004328
188801	186.122793	0.007739
188901	64.039652	0.022505
189001	104.471369	0.013802
189101	231.226317	0.006239
189201	114.970200	0.012555
189301	126.765857	0.011393
189401	272.343728	0.005306
189501	181.863861	0.007950
189601	102.053942	0.014174
189701	199.095146	0.007269
189801	1317.578871	0.001099
189901	188.135246	0.007701
190001	182.042741	0.007963
190101	205.492263	0.007058
190201	304.572486	0.004764
190301	46.784063	0.031034
190401	72.264028	0.020102
190501	90.072310	0.016136
190601	120.569242	0.012061
190701	387.073534	0.003759
190801	394.905574	0.003686
190901	364.762702	0.003993
191001	207.333691	0.007028
191101	165.621142	0.008803
191201	60.344700	0.024174
191301	297.797139	0.004901
191401	390.542337	0.003739
191501	397.413528	0.003676
191601	77.984054	0.018745
191701	106.376130	0.013749
191801	71.105498	0.020580
191901	70.328630	0.020818
192001	279.073301	0.005249
192101	116.419883	0.012589
192201	118.051965	0.012421
192301	384.504231	0.003816
192401	261.768242	0.005608
192501	399.006333	0.003681
192601	386.801001	0.003799
192701	373.763457	0.003933
192801	361.653286	0.004067
192901	202.351315	0.007273
193001	1444.111845	0.001020
193101	84.870250	0.017359
193201	184.754579	0.007978
193301	187.519152	0.007865
193401	105.239206	0.014021
193501	117.253516	0.012591
193601	344.021058	0.004294
193701	206.063181	0.007172
193801	190.856321	0.007747
193901	165.592789	0.008934
194001	145.493912	0.010173
194101	184.173600	0.008041
194201	102.675231	0.014430
194301	128.382269	0.011547
194401	159.460159	0.009301
194501	174.483970	0.008505
194601	101.734079	0.014594
194701	175.041108	0.008486
194801	97.974251	0.015169
194901	97.806263	0.015203
195001	125.954566	0.011812
195101	367.771824	0.004047
195201	348.016656	0.004279
195301	157.763993	0.009445
195401	75.067128	0.019859
195501	350.562563	0.004255
195601	134.344624	0.011108
195701	141.309291	0.010566
195801	137.824700	0.010839
195901	299.531492	0.004990
196001	120.640519	0.012395
196101	233.181481	0.006416
196201	95.812977	0.015623
196301	133.554620	0.011214
196401	103.150093	0.014527
196501	164.993293	0.009086
196601	86.743144	0.017292
196701	122.420705	0.012259
196801	120.214448	0.012490
196901	127.195032	0.011810
197001	147.502092	0.010190
197101	343.147573	0.004382
197201	104.769403	0.014360
197301	169.030318	0.008905
197401	127.154422	0.011844
197501	121.617504	0.012390
197601	131.699307	0.011447
197701	69.280830	0.021771
197801	98.219760	0.015365
197901	103.462280	0.014593
198001	71.958544	0.020993
198101	226.244038	0.006680
198201	163.067695	0.009273
198301	319.911812	0.004729
198401	47.332506	0.031980
198501	75.785145	0.019983
198601	202.637524	0.007477
198701	86.468179	0.017532
198801	77.259368	0.019632
198901	98.894922	0.015345
199001	50.352848	0.030152
199101	189.041060	0.008035
199201	127.204884	0.011948
199301	162.190725	0.009375
199401	117.090048	0.012993
199501	279.866764	0.005439
199601	74.835127	0.020349
199701	79.483402	0.019169
199801	122.788178	0.012415
199901	78.312982	0.019475
200001	402.176216	0.003794
200101	81.442679	0.018745
200201	82.960081	0.018411
200301	102.091970	0.014969
200401	258.066335	0.005925
200501	191.816380	0.007975
200601	109.392591	0.013991
200701	90.541891	0.016912
200801	185.384164	0.008264
200901	322.092831	0.004759
201001	216.088158	0.007097
201101	188.554140	0.008137
201201	111.743584	0.013737
201301	220.606787	0.006962
201401	361.176616	0.004254
201501	133.054429	0.011554
201601	124.675313	0.012337
201701	72.709700	0.021164
201801	97.340060	0.015817
201901	66.915080	0.023020
202001	89.868588	0.017149
202101	68.712290	0.022440
202201	111.609339	0.013822
202301	135.597461	0.011382
202401	220.242205	0.007011
202501	555.095686	0.002783

===================================================================================
=   BAD TERMINATION OF ONE OF YOUR APPLICATION PROCESSES
=   PID 77417 RUNNING AT vnode-06.dydaktyka.icsr.agh.edu.pl
=   EXIT CODE: 9
=   CLEANING UP REMAINING PROCESSES
=   YOU CAN IGNORE THE BELOW CLEANUP MESSAGES
===================================================================================
