main2_Seq, time [ms], size=1000	step=5
1	0.042757	0.055298	0.013067	0.260087	0.012465	0.383674	
2	0.027559	0.054835	0.005637	0.220950	0.012451	0.321432	
4	0.023931	0.052817	0.008224	0.196135	0.012321	0.293428	
8	0.024035	0.056232	0.024463	0.190978	0.012770	0.308478	
13	0.024065	0.058072	0.006473	0.164282	0.012509	0.265401	
18	0.024061	0.049050	0.007825	0.148366	0.013056	0.242358	
23	0.023849	0.053027	0.009532	0.140327	0.013343	0.240078	
28	0.024257	0.050607	0.011287	0.149171	0.013835	0.249157	
33	0.027940	0.048657	0.012801	0.130932	0.013453	0.233783	
38	0.023951	0.049744	0.014879	0.124992	0.013808	0.227374	
43	0.023999	0.052539	0.016350	0.127282	0.014149	0.234319	
48	0.024130	0.064839	0.018343	0.123173	0.014300	0.244785	
53	0.024192	0.048253	0.019965	0.113091	0.014733	0.220234	
58	0.024367	0.050645	0.021738	0.112374	0.014797	0.223921	
63	0.024177	0.053162	0.030745	0.108905	0.024619	0.241608	
68	0.024446	0.052728	0.024918	0.101573	0.015196	0.218861	
73	0.024436	0.051991	0.026586	0.100299	0.015623	0.218935	
78	0.024153	0.052438	0.028255	0.094783	0.015840	0.215469	
83	0.028140	0.052918	0.029951	0.104484	0.016180	0.231673	
88	0.024321	0.050140	0.031520	0.095312	0.016269	0.217562	
93	0.024148	0.049045	0.033186	0.091211	0.016634	0.214224	
98	0.024147	0.052210	0.034818	0.107102	0.017116	0.235393	
103	0.024443	0.065927	0.037466	0.089812	0.016928	0.234576	
108	0.024521	0.053359	0.038496	0.087288	0.017157	0.220821	
113	0.024072	0.049066	0.039783	0.088707	0.017418	0.219046	
118	0.024200	0.053020	0.041382	0.098303	0.017880	0.234785	
123	0.024515	0.050737	0.043753	0.085351	0.017976	0.222332	
128	0.024355	0.050649	0.044870	0.087251	0.018219	0.225344	
133	0.024035	0.052594	0.046403	0.085254	0.018444	0.226730	
138	0.024519	0.053278	0.048285	0.086504	0.018767	0.231353	
143	0.024382	0.050946	0.049834	0.086789	0.018816	0.230767	
148	0.027567	0.049104	0.051887	0.092921	0.019408	0.240887	
153	0.034203	0.054239	0.053182	0.085360	0.019537	0.246521	
158	0.028741	0.052869	0.054934	0.086054	0.019375	0.241973	
163	0.024346	0.052144	0.056708	0.084082	0.019879	0.237159	
168	0.034483	0.051829	0.059352	0.084335	0.020144	0.250143	
173	0.024606	0.051893	0.060080	0.083255	0.020503	0.240337	
178	0.024405	0.052438	0.061361	0.085057	0.020463	0.243724	
183	0.024888	0.049761	0.062862	0.084990	0.020644	0.243145	
188	0.024509	0.049822	0.065180	0.086113	0.021028	0.246652	
193	0.024490	0.049786	0.066248	0.099262	0.021402	0.261188	
198	0.025016	0.053161	0.068718	0.082980	0.021740	0.251615	
203	0.024491	0.049776	0.069966	0.085699	0.021760	0.251692	
208	0.024492	0.052186	0.070997	0.095554	0.022429	0.265658	
213	0.024556	0.052349	0.073443	0.083475	0.022937	0.256760	
218	0.024590	0.053654	0.074423	0.081524	0.022645	0.256836	
223	0.025890	0.065443	0.076970	0.082571	0.022832	0.273706	
228	0.024490	0.051041	0.077878	0.083476	0.023118	0.260003	
233	0.024335	0.052694	0.085725	0.085444	0.022768	0.270966	
238	0.025305	0.051736	0.081722	0.082978	0.023115	0.264856	
243	0.024493	0.051146	0.083485	0.083406	0.023570	0.266100	
248	0.025816	0.062792	0.085075	0.083015	0.023810	0.280508	
253	0.024667	0.050905	0.086157	0.084310	0.024351	0.270390	
258	0.024502	0.053060	0.087294	0.091518	0.024404	0.280778	
263	0.024450	0.049880	0.089358	0.081469	0.024210	0.269367	
268	0.024221	0.049361	0.090598	0.082256	0.024541	0.270977	
273	0.024870	0.053442	0.092625	0.081839	0.025134	0.277910	
278	0.027695	0.049723	0.093255	0.081403	0.025318	0.277394	
283	0.025269	0.053732	0.104200	0.084184	0.025550	0.292935	
288	0.024639	0.051599	0.098505	0.081129	0.025545	0.281417	
293	0.024582	0.051758	0.098551	0.091126	0.026323	0.292340	
298	0.024650	0.050937	0.100896	0.079885	0.025884	0.282252	
303	0.024355	0.050342	0.100259	0.078699	0.026215	0.279870	
308	0.028739	0.054410	0.102736	0.081781	0.026616	0.294282	
313	0.028180	0.053546	0.104836	0.080901	0.026862	0.294325	
318	0.025277	0.052092	0.105368	0.078145	0.026652	0.287534	
323	0.024894	0.051250	0.107378	0.080241	0.027022	0.290785	
328	0.028373	0.060392	0.108120	0.078734	0.027756	0.303375	
333	0.024970	0.070924	0.109885	0.079606	0.027650	0.313035	
338	0.024456	0.060860	0.113099	0.077455	0.027877	0.303747	
343	0.024891	0.051232	0.113760	0.079138	0.027923	0.296944	
348	0.025332	0.051584	0.125456	0.078195	0.028591	0.309158	
353	0.024699	0.050412	0.117663	0.077145	0.028510	0.298429	
358	0.025674	0.051910	0.129276	0.076826	0.028299	0.311985	
363	0.024724	0.051909	0.119141	0.076205	0.029005	0.300984	
368	0.024529	0.054340	0.130162	0.077378	0.029062	0.315471	
373	0.024633	0.053165	0.121422	0.076378	0.029395	0.304993	
378	0.024494	0.051358	0.132399	0.077309	0.029786	0.315346	
383	0.024728	0.051965	0.123066	0.077615	0.029978	0.307352	
388	0.025409	0.062395	0.124844	0.077549	0.029449	0.319646	
393	0.024537	0.051355	0.127855	0.077298	0.030147	0.311192	
398	0.035726	0.071498	0.128636	0.076107	0.030521	0.342488	
403	0.024684	0.054471	0.130269	0.073944	0.030559	0.313927	
408	0.024967	0.053552	0.131572	0.075049	0.030546	0.315686	
413	0.024864	0.053657	0.132896	0.083316	0.031113	0.325846	
418	0.025170	0.053971	0.131933	0.074629	0.031418	0.317121	
423	0.024609	0.052746	0.134382	0.074235	0.040642	0.326614	
428	0.025354	0.054955	0.137542	0.073886	0.032047	0.323784	
433	0.024900	0.052608	0.150171	0.072692	0.031448	0.331819	
438	0.024844	0.054750	0.137713	0.074072	0.031911	0.323290	
443	0.029870	0.063618	0.140651	0.073270	0.032707	0.340116	
448	0.024700	0.054153	0.139412	0.073770	0.032443	0.324478	
453	0.029437	0.053628	0.143152	0.072908	0.032565	0.331690	
458	0.024565	0.053016	0.142957	0.074456	0.032715	0.327709	
463	0.025302	0.052843	0.144057	0.071994	0.032994	0.327190	
468	0.024862	0.053740	0.156932	0.073937	0.033223	0.342694	
473	0.024777	0.054145	0.144933	0.072693	0.033347	0.329895	
478	0.029442	0.054541	0.150183	0.070468	0.033697	0.338331	
483	0.025161	0.055221	0.148534	0.070877	0.034087	0.333880	
488	0.029349	0.053494	0.149742	0.072603	0.034100	0.339288	
493	0.024691	0.051892	0.161801	0.072270	0.033979	0.344633	
498	0.025256	0.053578	0.152366	0.071941	0.034723	0.337864	
503	0.025562	0.052690	0.154582	0.072294	0.034237	0.339365	
508	0.024652	0.053001	0.153387	0.071459	0.034492	0.336991	
513	0.024912	0.055203	0.155792	0.069505	0.034947	0.340359	
518	0.024587	0.054382	0.165300	0.070388	0.035566	0.350223	
523	0.024535	0.054519	0.157236	0.071478	0.035612	0.343380	
528	0.025443	0.054410	0.160569	0.070239	0.035731	0.346392	
533	0.024664	0.052381	0.171281	0.079082	0.035546	0.362954	
538	0.024888	0.054511	0.161171	0.069471	0.036179	0.346220	
543	0.034182	0.055906	0.162665	0.069719	0.035872	0.358344	
548	0.024687	0.051948	0.161713	0.069108	0.036430	0.343886	
553	0.025162	0.052540	0.161422	0.070745	0.036486	0.346355	
558	0.025573	0.065877	0.165510	0.068754	0.036726	0.362440	
563	0.024853	0.053830	0.167058	0.068537	0.037409	0.351687	
568	0.024938	0.053846	0.167631	0.070921	0.036984	0.354320	
573	0.024713	0.053986	0.180351	0.068628	0.037347	0.365025	
578	0.024850	0.052159	0.168784	0.076949	0.038305	0.361047	
583	0.025359	0.053694	0.169841	0.068279	0.037246	0.354419	
588	0.024621	0.053377	0.180255	0.069017	0.038178	0.365448	
593	0.024952	0.054060	0.172855	0.069540	0.037892	0.359299	
598	0.025154	0.054318	0.175809	0.068068	0.038702	0.362051	
603	0.025907	0.064299	0.175088	0.069063	0.039396	0.373753	
608	0.024799	0.054626	0.190601	0.068686	0.038432	0.377144	
613	0.025134	0.055355	0.175569	0.067994	0.039237	0.363289	
618	0.034139	0.054562	0.177597	0.067601	0.039048	0.372947	
623	0.024680	0.053845	0.178868	0.077753	0.039778	0.374924	
628	0.024925	0.055204	0.181368	0.065441	0.039828	0.366766	
633	0.025520	0.055718	0.182779	0.065452	0.039913	0.369382	
638	0.024726	0.053415	0.190002	0.068224	0.040379	0.376746	
643	0.025005	0.053656	0.182652	0.065928	0.039768	0.367009	
648	0.025352	0.054786	0.184936	0.066055	0.040698	0.371827	
653	0.025835	0.065146	0.182878	0.067885	0.041189	0.382933	
658	0.024836	0.054141	0.186646	0.064692	0.050400	0.380715	
663	0.024869	0.054193	0.187427	0.065973	0.041568	0.374030	
668	0.024915	0.056266	0.188431	0.066215	0.041410	0.377237	
673	0.024532	0.061365	0.200839	0.066381	0.042117	0.395234	
678	0.025009	0.054694	0.190461	0.078217	0.041792	0.390173	
683	0.025053	0.055220	0.190260	0.065918	0.042156	0.378607	
688	0.025619	0.055025	0.193255	0.065739	0.042658	0.382296	
693	0.029193	0.055046	0.204638	0.065130	0.042142	0.396149	
698	0.024718	0.056058	0.195526	0.072329	0.043433	0.392064	
703	0.025523	0.054556	0.195666	0.063951	0.042748	0.382444	
708	0.029048	0.056290	0.196556	0.063696	0.043547	0.389137	
713	0.024634	0.054352	0.206331	0.066784	0.043259	0.395360	
718	0.033314	0.054693	0.204048	0.065321	0.053451	0.410827	
723	0.025083	0.055248	0.196304	0.065714	0.043869	0.386218	
728	0.025570	0.056566	0.201767	0.064004	0.043769	0.391676	
733	0.030890	0.065590	0.201744	0.063886	0.043719	0.405829	
738	0.025018	0.055097	0.215926	0.066601	0.044698	0.407340	
743	0.029509	0.056607	0.203624	0.078587	0.044778	0.413105	
748	0.025213	0.054892	0.202460	0.064867	0.044542	0.391974	
753	0.029260	0.057071	0.204673	0.063287	0.044564	0.398855	
758	0.024872	0.065871	0.205290	0.062580	0.044722	0.403335	
763	0.024751	0.054598	0.222767	0.064576	0.045155	0.411847	
768	0.042752	0.057457	0.206053	0.063826	0.045826	0.415914	
773	0.025410	0.055602	0.205900	0.064785	0.045999	0.397696	
778	0.037483	0.055988	0.210319	0.062206	0.045240	0.411236	
783	0.025714	0.058045	0.208814	0.063074	0.046483	0.402130	
788	0.025082	0.057269	0.219747	0.064477	0.046522	0.413097	
793	0.028344	0.057087	0.220439	0.065649	0.047553	0.419072	
798	0.026006	0.055454	0.216908	0.066117	0.056964	0.421449	
803	0.027936	0.055888	0.212437	0.064868	0.047263	0.408392	
808	0.025351	0.057765	0.212243	0.065189	0.047364	0.407912	
813	0.025052	0.060285	0.214041	0.063699	0.047181	0.410258	
818	0.025263	0.057349	0.217341	0.062890	0.047765	0.410608	
823	0.025416	0.066221	0.217566	0.064263	0.047509	0.420975	
828	0.027194	0.056802	0.229008	0.062366	0.047642	0.423012	
833	0.025201	0.056442	0.217523	0.072850	0.048588	0.420604	
838	0.027034	0.056552	0.227477	0.062426	0.047795	0.421284	
843	0.025304	0.055801	0.219557	0.062864	0.048000	0.411526	
848	0.025214	0.057806	0.217383	0.063012	0.048339	0.411754	
853	0.027599	0.056068	0.220541	0.063940	0.048897	0.417045	
858	0.025222	0.058006	0.220462	0.063176	0.049092	0.415958	
863	0.028691	0.057981	0.222695	0.063541	0.049491	0.422399	
868	0.035855	0.058521	0.226181	0.062598	0.049212	0.432367	
873	0.025940	0.079394	0.228693	0.063287	0.049548	0.446862	
878	0.032425	0.057259	0.232642	0.064330	0.049981	0.436637	
883	0.025793	0.057374	0.237822	0.062589	0.049748	0.433326	
888	0.028048	0.056808	0.236886	0.064045	0.050225	0.436012	
893	0.025631	0.057734	0.233539	0.074447	0.050623	0.441974	
898	0.029690	0.056800	0.227907	0.062721	0.061362	0.438480	
903	0.025816	0.057786	0.228291	0.064126	0.051067	0.427086	
908	0.025547	0.056627	0.227472	0.070044	0.051658	0.431348	
913	0.028248	0.056951	0.233424	0.062025	0.059057	0.439705	
918	0.025750	0.057569	0.230106	0.063973	0.051662	0.429060	
923	0.029613	0.058027	0.231427	0.062708	0.051508	0.433283	
928	0.025628	0.058948	0.231815	0.063249	0.052277	0.431917	
933	0.025878	0.058275	0.233170	0.063930	0.053740	0.434993	
938	0.028350	0.058106	0.234621	0.062105	0.051938	0.435120	
943	0.026058	0.057520	0.231923	0.064428	0.052756	0.432685	
948	0.029482	0.057937	0.235418	0.064053	0.052397	0.439287	
953	0.026091	0.058361	0.236640	0.061572	0.052540	0.435204	
958	0.028527	0.059686	0.236949	0.063592	0.052912	0.441666	
963	0.027028	0.057907	0.236680	0.063867	0.053875	0.439357	
968	0.025732	0.058360	0.240582	0.063185	0.053284	0.441143	
973	0.029394	0.058239	0.239354	0.061964	0.053569	0.442520	
978	0.026109	0.058226	0.240925	0.062917	0.053891	0.442068	
983	0.028567	0.058558	0.237931	0.064243	0.054170	0.443469	
988	0.025557	0.058702	0.241298	0.062252	0.055044	0.442853	
993	0.025601	0.059352	0.242366	0.063433	0.054295	0.445047	
998	0.028109	0.059312	0.242678	0.062013	0.054269	0.446381	
1003	0.025596	0.055521	0.240482	0.063499	0.055225	0.440323	
1008	0.025102	0.055347	0.242806	0.062773	0.054762	0.440790	
1013	0.025959	0.055435	0.245342	0.062441	0.055621	0.444798	
1018	0.025637	0.056848	0.243630	0.061724	0.054886	0.442725	
1023	0.025136	0.054183	0.245579	0.063494	0.056059	0.444451	
1028	0.025459	0.055311	0.245873	0.062694	0.055979	0.445316	
1033	0.029911	0.057343	0.246431	0.064263	0.055815	0.453763	
1038	0.025268	0.056818	0.247443	0.062291	0.056154	0.447974	
1043	0.025247	0.055972	0.248859	0.061826	0.056144	0.448048	
1048	0.025793	0.055929	0.252754	0.060938	0.055495	0.450909	
1053	0.025106	0.056577	0.249857	0.061840	0.056524	0.449904	
1058	0.025403	0.054992	0.253173	0.061503	0.056172	0.451243	
1063	0.025578	0.054866	0.248881	0.062262	0.056583	0.448170	
1068	0.025472	0.056502	0.252949	0.061529	0.056638	0.453090	
1073	0.025583	0.056747	0.251514	0.062182	0.057111	0.453137	
1078	0.025477	0.055725	0.258088	0.061294	0.064572	0.465156	
1083	0.025229	0.055679	0.253744	0.062764	0.057605	0.455021	
1088	0.025086	0.055839	0.253923	0.063126	0.057401	0.455375	
1093	0.025006	0.055946	0.265063	0.064220	0.067822	0.478057	
1098	0.024940	0.056777	0.256105	0.072683	0.059120	0.469625	
1103	0.024915	0.055672	0.255076	0.072111	0.058592	0.466366	
1108	0.024930	0.057096	0.274414	0.063319	0.058435	0.478194	
1113	0.025077	0.055223	0.279327	0.061867	0.058634	0.480128	
1118	0.025148	0.054681	0.268691	0.062693	0.059098	0.470311	
1123	0.024719	0.055025	0.268800	0.063022	0.059465	0.471031	
1128	0.025815	0.066863	0.260568	0.063102	0.059906	0.476254	
1133	0.034138	0.056558	0.262170	0.062907	0.059660	0.475433	
1138	0.025404	0.056489	0.260098	0.064174	0.059817	0.465982	
1143	0.025761	0.057180	0.262452	0.063334	0.060241	0.468968	
1148	0.025149	0.056962	0.262516	0.063853	0.060282	0.468762	
1153	0.025506	0.056755	0.259538	0.064143	0.060745	0.466687	
1158	0.026577	0.055577	0.263500	0.063712	0.060880	0.470246	
1163	0.025450	0.056152	0.266024	0.062937	0.060678	0.471241	
1168	0.028312	0.054659	0.267468	0.063250	0.072732	0.486421	
1173	0.025417	0.056268	0.278198	0.073284	0.061441	0.494608	
1178	0.024874	0.056423	0.273635	0.065116	0.061807	0.481855	
1183	0.024927	0.055495	0.277907	0.064106	0.061782	0.484217	
1188	0.025921	0.067882	0.267137	0.063364	0.061833	0.486137	
1193	0.025344	0.056663	0.270129	0.062530	0.062040	0.476706	
1198	0.024998	0.057649	0.271372	0.062229	0.062157	0.478405	
1203	0.025724	0.058067	0.271311	0.062935	0.062339	0.480376	
1208	0.025678	0.056920	0.273414	0.062419	0.063029	0.481460	
1213	0.025237	0.057665	0.271458	0.061798	0.073228	0.489386	
1218	0.025269	0.055758	0.289929	0.063556	0.062858	0.497370	
1223	0.024951	0.056317	0.283883	0.064015	0.062896	0.492062	
1228	0.038227	0.068905	0.273755	0.063504	0.063657	0.508048	
1233	0.037598	0.059548	0.271380	0.064108	0.064143	0.496777	
1238	0.025369	0.059488	0.276761	0.063739	0.064046	0.489403	
1243	0.025460	0.057503	0.273503	0.064948	0.071609	0.493023	
1248	0.027321	0.058178	0.288404	0.073481	0.064905	0.512289	
1253	0.027184	0.057660	0.287489	0.063890	0.064792	0.501015	
1258	0.025141	0.068940	0.275942	0.066448	0.064585	0.501056	
1263	0.025623	0.058213	0.277285	0.063269	0.063890	0.488280	
1268	0.027364	0.058080	0.280054	0.064619	0.065000	0.495117	
1273	0.025472	0.058108	0.279780	0.072411	0.066522	0.502293	
1278	0.025081	0.057085	0.290919	0.064532	0.066125	0.503742	
1283	0.025300	0.057626	0.294209	0.064430	0.066328	0.507893	
1288	0.027539	0.058802	0.276566	0.065871	0.066595	0.495373	
1293	0.025639	0.058394	0.281927	0.065122	0.066187	0.497269	
1298	0.025241	0.057622	0.281008	0.064425	0.066471	0.494767	
1303	0.025096	0.056979	0.301412	0.064853	0.066908	0.515248	
1308	0.027173	0.068397	0.281642	0.065723	0.066881	0.509816	
1313	0.025308	0.059198	0.285216	0.064746	0.066729	0.501197	
1318	0.025591	0.059011	0.289308	0.064229	0.066833	0.504972	
1323	0.025573	0.057820	0.283685	0.076455	0.067776	0.511309	
1328	0.027089	0.065927	0.299726	0.063864	0.067617	0.524223	
1333	0.025363	0.059823	0.284533	0.063686	0.067440	0.500845	
1338	0.025187	0.058714	0.286941	0.065048	0.067852	0.503742	
1343	0.027272	0.058209	0.294021	0.066205	0.078686	0.524393	
1348	0.027020	0.057696	0.297925	0.065894	0.068788	0.517323	
1353	0.025382	0.060564	0.286976	0.065612	0.068293	0.506827	
1358	0.025284	0.059357	0.291179	0.064853	0.068252	0.508925	
1363	0.027436	0.059138	0.289954	0.075101	0.069219	0.520848	
1368	0.027146	0.066773	0.301687	0.065398	0.069173	0.530177	
1373	0.025503	0.060321	0.293249	0.063736	0.068881	0.511690	
1378	0.025368	0.058666	0.292971	0.065947	0.068975	0.511927	
1383	0.026939	0.057431	0.307354	0.067061	0.069446	0.528231	
1388	0.038127	0.060745	0.292741	0.065274	0.069860	0.526747	
1393	0.025641	0.059591	0.293043	0.065355	0.069366	0.512996	
1398	0.026391	0.057847	0.288337	0.077356	0.070517	0.520448	
1403	0.027730	0.058765	0.304493	0.065889	0.070394	0.527271	
1408	0.025939	0.059826	0.293723	0.066296	0.070440	0.516224	
1413	0.025782	0.058180	0.295329	0.066649	0.070807	0.516747	
1418	0.025857	0.058812	0.303903	0.066782	0.071285	0.526639	
1423	0.027886	0.060109	0.294951	0.066631	0.071447	0.521024	
1428	0.025820	0.059032	0.294394	0.066332	0.071662	0.517240	
1433	0.025632	0.058353	0.317832	0.066283	0.070821	0.538921	
1438	0.025788	0.062213	0.297917	0.064622	0.070934	0.521474	
1443	0.028139	0.059638	0.298224	0.066867	0.078778	0.531646	
1448	0.025942	0.058432	0.314079	0.068550	0.071646	0.538649	
1453	0.025943	0.061186	0.297710	0.067197	0.071735	0.523771	
1458	0.025947	0.073394	0.300636	0.070674	0.079487	0.550138	
1463	0.027807	0.059492	0.311521	0.066279	0.071725	0.536824	
1468	0.025785	0.061149	0.299204	0.067976	0.072742	0.526856	
1473	0.025969	0.060242	0.298101	0.067868	0.072785	0.524965	
1478	0.028881	0.059958	0.312798	0.067834	0.073060	0.542531	
1483	0.029205	0.061279	0.302513	0.067042	0.073008	0.533047	
1488	0.025835	0.060740	0.302811	0.067928	0.084536	0.541850	
1493	0.025824	0.058831	0.315560	0.066072	0.072616	0.538903	
1498	0.027880	0.061472	0.302949	0.067428	0.073569	0.533298	
