main2_Seq, time [ms], size=100000	step=500
1	2.625742	5.154239	0.547931	38.611961	1.121277	48.061150	
2	2.553430	5.069210	0.512224	36.249018	1.116489	45.500371	
4	2.508994	5.574544	0.499591	34.148329	1.119679	43.851137	
8	2.539234	5.419784	0.472454	32.090276	1.128922	41.650670	
16	2.501127	5.207947	0.493613	29.915086	1.126630	39.244403	
32	2.512853	5.238090	0.446552	27.703674	1.120141	37.021310	
64	2.486310	5.307653	0.498402	25.586752	1.123979	35.003096	
128	2.485082	5.454306	0.545328	23.292039	1.141334	32.918089	
256	2.222548	5.759045	0.624654	21.151842	1.146203	30.904292	
512	2.224939	6.127929	0.797784	18.960673	1.156325	29.267650	
1012	2.588806	6.836118	0.951740	16.893827	1.188080	28.458571	
1512	2.602808	6.739736	0.878774	15.641119	1.230439	27.092876	
2012	2.556968	6.628623	0.803645	14.784249	1.244198	26.017683	
2512	2.541777	6.752599	0.974347	14.066876	1.284363	25.619962	
3012	2.528233	6.881346	1.160199	13.560894	1.292286	25.422958	
3512	2.529643	7.094909	1.405510	13.247476	1.400311	25.677849	
4012	2.582264	7.140199	1.482722	12.649214	1.350284	25.204683	
4512	2.610705	7.741937	1.750450	12.211426	1.382035	25.696553	
5012	2.611912	7.505212	1.846966	11.903447	1.412556	25.280093	
5512	2.586634	7.539808	2.048656	11.507759	1.441086	25.123943	
6012	2.564598	7.929420	2.221194	11.140588	1.473871	25.329671	
6512	2.545430	7.760350	2.350820	10.795063	1.491004	24.942667	
7012	2.531114	7.852367	2.627288	10.408047	1.516582	24.935398	
7512	2.590177	8.051061	2.677439	10.147165	1.535460	25.001302	
8012	2.549601	7.938102	2.853903	9.863109	1.570395	24.775110	
8512	2.542573	7.923730	3.019712	9.633947	1.610512	24.730474	
9012	2.550481	8.091368	3.203814	9.470934	1.623562	24.940159	
9512	2.523826	8.088674	3.352755	9.321159	1.644485	24.930899	
10012	2.552995	8.009912	3.493055	9.172481	1.679486	24.907929	
10512	2.563764	8.410416	3.694486	9.078340	1.701718	25.448724	
11012	2.606578	8.612782	3.998897	8.989822	1.731130	25.939209	
11512	2.577443	8.305319	4.052997	8.914043	1.751906	25.601708	
12012	2.565738	8.277087	4.223580	8.839046	1.802637	25.708088	
12512	2.578359	8.140983	4.378328	8.800136	1.785597	25.683403	
13012	2.561226	8.286319	4.563504	8.728818	1.813263	25.953130	
13512	2.604863	8.812375	4.706240	8.731802	1.833141	26.688421	
14012	2.552653	8.567770	4.969370	8.675678	1.873436	26.638907	
14512	2.546732	8.336569	5.103480	8.651935	1.863576	26.502292	
15012	2.554638	8.465495	5.250300	8.636839	1.893791	26.801063	
15512	2.553099	8.472518	5.465531	8.592756	1.919178	27.003082	
16012	2.541083	8.537787	5.878603	8.681023	2.047464	27.685960	
16512	2.576385	8.853676	6.229768	8.596599	1.986360	28.242788	
17012	2.594725	8.603354	6.132714	8.577844	1.972729	27.881366	
17512	2.565457	8.567109	6.081870	8.526989	1.986089	27.727514	
18012	2.579708	8.594590	6.309515	8.534848	2.008715	28.027376	
18512	2.554197	8.793266	6.489807	8.501597	2.044420	28.383287	
19012	2.610000	9.096185	6.667310	8.521374	2.068158	28.963027	
19512	2.603682	8.990295	6.883736	8.510091	2.094278	29.082082	
20012	2.598196	9.179687	6.903351	8.480453	2.117191	29.278878	
20512	2.555793	8.703980	7.097718	8.436830	2.142665	28.936986	
21012	2.545899	8.770740	7.298736	8.415524	2.180798	29.211697	
21512	2.567999	8.815396	7.543277	8.422088	2.213445	29.562205	
22012	2.602300	9.530914	7.905411	8.414098	2.189260	30.641983	
22512	2.589775	8.986923	7.863616	8.406203	2.242184	30.088701	
23012	2.558669	9.085001	8.087702	8.400765	2.277233	30.409370	
23512	2.605694	9.229725	8.256368	8.404464	2.331921	30.828172	
24012	2.630799	9.651223	8.462592	8.379359	2.313888	31.437861	
24512	2.607650	9.503389	8.618114	8.385406	2.335689	31.450248	
25012	2.576204	8.736605	8.631391	8.327973	2.357074	30.629247	
25512	2.545083	8.942764	8.795717	8.283294	2.372458	30.939316	
26012	2.569368	11.489708	10.625123	8.270880	2.402803	35.357882	
26512	2.624179	9.768529	9.518551	8.277433	2.435789	32.624481	
27012	2.579101	9.089095	9.313619	8.254481	2.436972	31.673268	
27512	2.567107	9.237785	9.520999	8.232822	2.445258	32.003971	
28012	2.583233	9.290530	9.708388	8.333373	2.525688	32.441212	
28512	2.596448	9.375145	9.924989	8.222899	2.511551	32.631032	
29012	2.593396	9.446921	10.134839	8.216099	2.546465	32.937720	
29512	2.581134	9.671576	10.321193	8.188515	2.555717	33.318135	
30012	2.587442	9.767508	10.468098	8.290000	2.611384	33.724432	
30512	2.611759	10.179638	11.596136	8.167692	2.659905	35.215130	
31012	2.610366	10.062594	10.951663	8.170600	2.646892	34.442115	
31512	2.580680	10.092103	10.981503	8.194331	2.660271	34.508888	
32012	2.599347	10.308075	11.186762	8.265793	2.739325	35.099302	
32512	2.611737	10.706117	11.487640	8.181546	2.718074	35.705114	
33012	2.639843	10.541568	11.733761	8.216554	2.745473	35.877199	
33512	2.587200	9.557589	11.299104	7.982578	2.731793	34.158264	
34012	2.566284	9.556425	11.873220	8.070336	2.763115	34.829380	
34512	2.627759	10.482231	12.401277	8.007045	2.800806	36.319118	
35012	2.599688	9.516630	11.847620	7.936662	2.782108	34.682708	
35512	2.605898	9.591326	12.040166	7.950789	2.811899	35.000078	
36012	2.562392	9.619890	12.752404	7.944054	2.857657	35.736397	
36512	2.563361	9.961563	12.540375	7.901644	2.849752	35.816695	
37012	2.591599	9.825422	12.541712	7.918657	2.889159	35.766549	
37512	2.608148	10.135982	12.745970	7.914396	2.921060	36.325556	
38012	2.593159	11.618817	13.427940	8.006711	2.960639	38.607266	
38512	2.639244	11.140385	13.285478	7.949799	2.972312	37.987218	
39012	2.598676	10.101317	13.258750	7.944046	2.990622	36.893411	
39512	2.600544	10.473811	13.511184	7.906409	3.039839	37.531787	
40012	2.613062	10.534342	13.649310	7.904241	3.023882	37.724837	
40512	2.577150	10.709623	13.843036	7.921279	3.054108	38.105196	
41012	2.624375	10.893891	13.937989	7.942901	3.077970	38.477126	
41512	2.645579	15.940362	16.997917	7.967947	3.165863	46.717668	
42012	2.692984	11.864939	15.529091	7.928010	3.148352	41.163376	
42512	2.635118	11.176905	14.653664	7.926645	3.167479	39.559811	
43012	2.643991	11.337418	15.651363	7.849861	3.177519	40.660152	
43512	2.673494	11.503692	14.869682	7.851737	3.206649	40.105254	
44012	2.635297	11.651271	15.521347	7.902901	3.246411	40.957227	
44512	2.630606	11.596996	15.928673	7.928968	3.286993	41.372236	
45012	2.672353	13.604616	16.882296	7.977984	3.309482	44.446731	
45512	2.695592	11.955139	15.798000	7.904778	3.321385	41.674894	
46012	2.650591	12.212733	16.086696	8.034132	3.418967	42.403119	
46512	2.656395	12.369424	16.294854	7.878338	3.385572	42.584583	
47012	2.671451	12.428296	16.419519	7.906565	3.400396	42.826227	
47512	2.659277	12.678828	16.936108	8.073019	3.512314	43.859546	
48012	2.665348	14.586021	18.004141	7.867252	3.460055	46.582817	
48512	2.646791	12.934398	16.995965	7.856781	3.483171	43.917106	
49012	2.651137	13.253781	17.790485	8.062338	3.537464	45.295205	
49512	2.666732	13.593182	17.570964	7.824154	3.548686	45.203718	
50012	2.626049	10.903870	15.520495	7.470782	3.440247	39.961443	
50512	2.621630	10.310817	15.847047	7.457682	3.473195	39.710371	
51012	2.635833	12.652007	16.209232	7.449245	3.493210	42.439527	
51512	2.632055	10.425242	15.898516	7.433408	3.516495	39.905716	
52012	2.584054	10.587331	16.046885	7.385401	3.563965	40.167636	
52512	2.619158	10.864153	16.230069	7.395935	3.569023	40.678338	
53012	2.617613	10.800974	16.257211	7.358600	3.576956	40.611354	
53512	2.625367	10.980766	16.498342	7.371417	3.657836	41.133728	
54012	2.688181	13.262568	17.360940	7.507422	3.652093	44.471204	
54512	2.624972	11.525380	16.841493	7.354967	3.671924	42.018736	
55012	2.698246	11.338658	16.995405	7.367751	3.682565	42.082625	
55512	2.655037	11.469411	17.761184	7.508597	3.748525	43.142754	
56012	2.620332	11.284255	17.140867	7.335379	3.730272	42.111105	
56512	2.662123	11.420776	17.254290	7.434787	3.795385	42.567361	
57012	2.641069	13.650806	18.306331	7.310027	3.770990	45.679223	
57512	2.631358	11.785236	17.533627	7.289453	3.794136	43.033810	
58012	2.612169	12.094307	17.784563	7.489763	3.885154	43.865956	
58512	2.622782	12.244656	17.938147	7.251889	3.854017	43.911491	
59012	2.647018	11.981463	18.093275	7.273927	3.877188	43.872871	
59512	2.627110	12.573437	19.840412	7.487941	3.936740	46.465640	
60012	2.637599	14.050944	18.633018	7.555118	3.996205	46.872884	
60512	2.628745	12.634649	18.495267	7.286093	3.974357	45.019111	
61012	2.683664	13.818026	18.873833	7.216796	3.959449	46.551768	
61512	2.623854	12.996528	18.829123	7.313201	4.013586	45.776292	
62012	2.623210	12.622181	18.771114	7.224204	4.026313	45.267022	
62512	2.642134	14.769240	20.137053	7.348063	4.092536	48.989026	
63012	2.651977	13.145858	19.008275	7.231094	4.079265	46.116469	
63512	2.642578	13.183462	19.725556	7.328890	4.159504	47.039990	
64012	2.623757	13.446859	19.435757	7.246797	4.154630	46.907800	
64512	2.612580	13.641229	19.730446	7.225343	4.178027	47.387625	
65012	2.686588	18.116572	21.132299	7.352108	4.311323	53.598890	
65512	2.654315	13.968754	19.909699	7.211812	4.248236	47.992816	
66012	2.653452	14.124467	20.254827	7.512243	4.361911	48.906900	
66512	2.657570	13.976887	20.396920	7.203029	4.282373	48.516779	
67012	2.657376	14.504575	20.339849	7.182681	4.313313	48.997794	
67512	2.656733	15.342657	21.381499	7.445560	4.505872	51.332321	
68012	2.651777	14.839355	20.617485	7.219240	4.365666	49.693523	
68512	2.680094	14.933012	21.063221	7.449135	4.469399	50.594861	
69012	2.675994	15.139143	20.972054	7.251585	4.488740	50.527516	
69512	2.661917	15.026498	21.167989	7.196144	4.485644	50.538192	
70012	2.664162	16.621738	22.358165	7.423090	4.548978	53.616133	
70512	2.659397	15.032168	21.549032	7.256367	4.549985	51.046949	
71012	2.706930	15.795015	22.076438	7.209729	4.545569	52.333681	
71512	2.646124	15.184487	21.690976	7.292521	4.619185	51.433293	
72012	2.726982	15.567136	21.829079	7.431022	4.705714	52.259933	
72512	2.641858	17.991932	22.851881	7.252413	4.668646	55.406730	
73012	2.667258	15.504682	22.051372	7.211973	4.736435	52.171720	
73512	2.653418	16.645722	22.436603	7.237669	4.731042	53.704454	
74012	2.647722	15.888485	22.419917	7.248435	4.786799	52.991358	
74512	2.666344	19.324977	24.268309	7.588882	4.919026	58.767538	
75012	2.660245	17.541043	23.260866	7.167418	4.806575	55.436147	
75512	2.639468	16.543214	23.554140	7.291977	4.904181	54.932980	
76012	2.636842	16.408487	22.998970	7.264583	4.940629	54.249511	
76512	2.615473	17.466177	23.664679	7.506430	5.066778	56.319537	
77012	2.693734	18.445268	23.818495	7.223486	4.984371	57.165354	
77512	2.646155	16.482457	23.600807	7.274389	5.065007	55.068815	
78012	2.630930	17.296107	23.622196	7.260079	5.073233	55.882545	
78512	2.648233	17.162232	24.058515	7.246598	5.101188	56.216766	
79012	2.677680	18.505740	25.014920	7.454672	5.185154	58.838166	
79512	2.633806	17.147110	24.044251	7.253560	5.189306	56.268033	
80012	2.618391	18.162732	24.422138	7.240390	5.257689	57.701340	
80512	2.653841	17.413055	24.581474	7.308910	5.296774	57.254054	
81012	2.673767	18.146620	25.165343	7.649704	5.443346	59.078780	
81512	2.653863	17.764625	24.774277	7.254448	5.335375	57.782588	
82012	2.647948	18.505355	25.653226	7.323207	5.396770	59.526506	
82512	2.641672	18.106927	25.061673	7.319593	5.437957	58.567822	
83012	2.661871	19.174059	27.027237	7.535031	5.812596	62.210794	
83512	2.679504	18.343330	25.252980	7.302098	5.488745	59.066657	
84012	2.656864	18.235461	25.938138	7.367048	5.573555	59.771066	
84512	2.677949	18.126571	25.514048	7.355192	5.618012	59.291772	
85012	2.677957	18.796950	26.095364	7.505543	6.040975	61.116789	
85512	2.702912	18.852991	25.795565	7.316501	5.609633	60.277602	
86012	2.634414	18.624242	26.512009	7.407065	5.753387	60.931117	
86512	2.672847	18.640762	26.062397	7.424005	5.781298	60.581309	
87012	2.676605	19.642198	27.111683	7.804887	6.146393	63.381766	
87512	2.685479	19.453564	26.746762	7.375865	5.847772	62.109442	
88012	2.664345	19.573831	26.726881	7.391059	5.881346	62.237462	
88512	2.705675	19.011407	26.638518	7.415553	5.980549	61.751702	
89012	2.734041	19.586815	27.507909	7.815715	6.283825	63.928305	
89512	2.678549	19.010763	26.758999	7.429165	6.051812	61.929288	
90012	2.668558	20.149691	27.189489	7.367421	6.035954	63.411113	
90512	2.652214	19.353812	27.027271	7.453645	6.126343	62.613285	
91012	2.665141	20.428643	28.335486	7.518286	6.236044	65.183600	
91512	2.639905	19.403966	27.369268	7.515652	6.220929	63.149720	
92012	2.639577	19.544600	27.476378	7.440303	6.229875	63.330733	
92512	2.637246	19.545474	27.564857	7.672538	6.556805	63.976920	
93012	2.663399	20.486157	28.083050	7.497206	6.320513	65.050325	
93512	2.639239	19.649394	27.996819	7.810112	6.559235	64.654799	
94012	2.622550	19.595742	27.913442	7.488066	6.436500	64.056300	
94512	2.616938	20.006460	28.839668	7.740759	6.943616	66.147441	
95012	2.667380	19.874236	28.052167	7.465373	6.522350	64.581506	
95512	2.699928	20.495596	28.625191	7.530571	6.681939	66.033225	
96012	2.633127	20.201300	28.492046	7.509819	6.625211	65.461503	
96512	2.666145	20.596096	30.085136	7.713154	6.711924	67.772455	
97012	2.638047	20.138186	28.711912	7.491889	6.689372	65.669406	
97512	2.969643	20.342928	28.899084	7.531004	6.826873	66.569532	
98012	2.634529	20.263156	29.348951	8.822980	7.178013	68.247629	
98512	2.678538	20.710767	29.809444	7.862739	6.847855	67.909343	
99012	2.653797	20.658765	29.498505	7.582500	6.910687	67.304254	
99512	2.659052	20.565362	29.536719	7.610590	6.939004	67.310727	
100012	2.684281	17.231389	25.266223	7.051361	5.636892	57.870146	
100512	2.983212	15.301571	24.990746	6.825171	5.749891	55.850591	
101012	2.662670	16.819682	25.203833	6.814211	5.604460	57.104856	
101512	2.643772	15.009556	25.079162	6.829678	5.653299	55.215467	
102012	2.687680	17.794251	25.742098	7.024392	5.678790	58.927211	
102512	2.646830	15.216139	25.232393	6.835570	5.683235	55.614167	
103012	2.647812	16.910919	25.468215	6.871228	5.719571	57.617745	
103512	2.680847	16.011648	25.418696	6.844131	5.741315	56.696637	
104012	2.676305	17.376334	26.086618	7.058182	5.818790	59.016229	
104512	2.655523	15.458455	25.643542	6.877153	5.831879	56.466552	
105012	2.636729	17.428374	25.804035	6.844057	5.813756	58.526951	
105512	2.646844	15.980281	25.841338	6.894859	5.844988	57.208310	
106012	2.666539	20.092743	26.449616	6.883734	5.847301	61.939933	
106512	2.646218	16.220840	26.002573	6.946104	5.892064	57.707799	
107012	2.634275	16.771162	26.217552	7.001172	5.894392	58.518553	
107512	2.643205	17.686185	26.462116	6.862197	6.032215	59.685918	
108012	2.654890	19.548337	26.627724	6.915855	5.933881	61.680687	
108512	2.648659	16.231564	26.401506	7.050069	6.042431	58.374229	
109012	2.636892	16.564491	26.545570	6.992620	6.015384	58.754957	
109512	2.635923	16.547917	27.186856	7.349436	6.111171	59.831303	
110012	2.667750	18.036274	27.049426	7.251315	6.112518	61.117283	
110512	2.679365	17.258837	27.153410	6.977916	6.095292	60.164820	
111012	2.618290	16.853485	26.922579	7.000357	6.111353	59.506064	
111512	2.652180	18.398655	27.376368	7.211630	6.219913	61.858746	
112012	2.656311	17.515438	27.088197	6.979308	6.131025	60.370279	
112512	2.649732	18.865920	27.257524	7.084609	6.174717	62.032502	
113012	2.645814	17.521691	27.232060	7.064750	6.200628	60.664943	
113512	2.670725	20.876540	27.879772	7.050200	6.213954	64.691191	
114012	2.697609	17.729611	27.515075	7.070302	6.208084	61.220681	
114512	2.664778	17.905862	27.562555	7.059887	6.269863	61.462945	
115012	2.652755	17.650971	27.938492	7.138187	6.315851	61.696256	
115512	2.657084	19.025711	27.817052	7.092900	6.310620	62.903367	
116012	2.685817	18.978925	28.195628	7.050162	6.358770	63.269302	
116512	2.675651	18.086339	27.969254	7.088732	6.369266	62.189242	
117012	3.099358	20.393884	28.988613	7.244389	6.386026	66.112270	
117512	2.656248	22.347689	28.688003	7.469126	6.563547	67.724613	
118012	2.659363	21.479294	28.826225	7.359611	6.515423	66.839916	
118512	2.645279	23.857984	29.704517	7.219958	6.732235	70.159973	
119012	2.627271	22.338591	29.798255	7.873944	6.647152	69.285213	
119512	2.641785	22.038657	29.738208	7.376404	6.617290	68.412344	
120012	2.639226	20.080485	29.011467	7.318635	6.595236	65.645049	
120512	2.659053	21.917926	29.300308	7.309812	6.624830	67.811929	
121012	2.658678	20.444747	29.462450	7.452671	6.695630	66.714176	
121512	2.639184	20.012661	29.258266	7.335261	6.687329	65.932701	
122012	2.672686	20.764316	29.874839	7.714130	6.797316	67.823287	
122512	2.654483	20.240661	29.382170	7.349925	6.707824	66.335063	
123012	2.635047	20.665611	29.607815	7.367824	6.766292	67.042589	
123512	2.644809	20.336477	30.039041	7.574192	6.817182	67.411701	
124012	2.674736	20.775616	29.798181	7.384220	6.797842	67.430595	
124512	2.655796	21.271665	29.865030	7.375382	6.870473	68.038346	
125012	2.632538	20.723640	30.064811	7.414587	6.876602	67.712178	
125512	2.656818	22.138102	30.144380	7.403441	6.901128	69.243869	
126012	2.672226	20.362320	30.354795	7.533313	6.963572	67.886226	
126512	2.651290	20.815759	30.229297	7.464948	6.966315	68.127609	
127012	2.639586	22.986045	30.902172	7.527644	6.958368	71.013815	
127512	2.660240	21.159568	30.333283	7.737107	7.114021	69.004219	
128012	2.693639	21.241082	30.440166	7.472967	7.028862	68.876716	
128512	2.682924	21.834133	31.044238	7.885871	7.175684	70.622850	
129012	2.675566	21.327899	30.672606	7.494138	7.071194	69.241403	
129512	2.665150	21.652023	30.823840	7.494868	7.108736	69.744617	
130012	2.682123	21.428728	31.634916	7.695637	7.246037	70.687441	
130512	2.667995	21.594311	31.296907	7.545272	7.203742	70.308227	
131012	2.657086	21.536950	31.066108	7.611076	7.216483	70.087703	
131512	2.669216	21.557262	31.245952	7.672961	7.248821	70.394212	
132012	2.691521	21.841261	31.294795	7.586023	7.257114	70.670714	
132512	2.695684	22.334868	31.373498	7.628870	7.304377	71.337297	
133012	2.657989	21.470960	31.466391	7.836771	7.746997	71.179108	
133512	2.707064	22.483472	31.483018	7.950057	7.329637	71.953248	
134012	2.690145	22.252029	31.709394	7.577618	7.328527	71.557713	
134512	2.661456	21.827589	31.611117	7.689904	7.452508	71.242574	
135012	2.684308	22.791110	31.940527	7.668822	7.439684	72.524451	
135512	2.681950	22.238517	32.135423	8.424799	7.760966	73.241655	
136012	2.613573	23.931551	33.235920	8.626053	7.968693	76.375790	
136512	2.662415	22.994599	32.148265	7.700863	7.517999	73.024141	
137012	2.640707	22.217481	32.456470	7.748573	7.576531	72.639762	
137512	2.690707	22.189935	32.093438	7.688022	7.575979	72.238081	
138012	2.663351	23.073873	32.564253	7.783823	7.645062	73.730362	
138512	2.653065	22.494572	32.634596	7.855534	7.660137	73.297904	
139012	2.655273	23.187559	32.658045	7.782736	7.691031	73.974644	
139512	2.684505	23.353798	32.658756	7.801696	7.683270	74.182025	
140012	2.684145	22.970356	32.978926	7.785144	7.714415	74.132986	
140512	2.681201	22.452850	32.754490	7.877999	7.829231	73.595771	
141012	2.680272	23.202202	32.983859	7.839076	7.796590	74.501999	
141512	2.695909	23.028951	33.149877	7.904858	7.822581	74.602176	
142012	2.683666	22.651941	33.081978	8.072378	8.055888	74.545851	
142512	2.653083	23.037835	33.107342	7.890259	7.859565	74.548084	
143012	2.632351	23.170464	33.368484	7.960204	7.924052	75.055555	
143512	2.653160	22.652513	33.460188	8.004081	7.975855	74.745797	
144012	2.658439	23.438131	33.243330	7.784998	7.897440	75.022338	
144512	2.657158	22.671876	33.218831	7.765789	7.917057	74.230711	
145012	2.674168	22.316847	34.628988	8.027740	8.088065	75.735808	
145512	2.657945	22.199357	33.359224	7.810552	8.029663	74.056741	
146012	2.697578	22.420508	33.565243	7.870824	8.050238	74.604391	
146512	2.659446	23.370204	33.810915	8.164324	8.252201	76.257090	
147012	2.668312	22.410721	33.629379	7.813741	8.019531	74.541684	
147512	2.663512	22.540794	33.630313	7.886636	8.137679	74.858934	
148012	2.686848	23.853753	34.661756	8.089298	8.216130	77.507785	
148512	2.670562	23.252308	34.094086	8.180033	8.281814	76.478803	
149012	2.649247	22.822060	34.088125	7.887828	8.218953	75.666213	
149512	2.651726	23.631337	34.488504	7.972572	8.245618	76.989757	
