main2_Seq, time [ms], size=100000	step=500
1	2.691590	5.545884	0.552156	38.589391	1.117257	48.496278	
2	2.541318	5.349127	0.606500	36.424825	1.124853	46.046623	
4	2.497993	5.614365	0.510329	34.162472	1.144820	43.929979	
8	2.503884	5.593709	0.502398	32.091145	1.126656	41.817792	
16	2.586764	5.277510	0.467995	29.976439	1.136734	39.445442	
32	2.534017	5.455912	0.510534	27.862055	1.134903	37.497421	
64	2.523955	5.424714	0.506626	25.560370	1.157354	35.173019	
128	2.496750	5.478024	0.574604	23.281033	1.136390	32.966801	
256	2.224549	5.764912	0.691855	21.115434	1.137355	30.934105	
512	2.259638	6.249524	0.808909	18.982299	1.176263	29.476633	
1012	2.616779	6.881850	0.981307	16.886998	1.187865	28.554799	
1512	2.604695	7.014630	0.848562	15.633559	1.217032	27.318478	
2012	2.552457	6.808513	0.854244	14.752105	1.251971	26.219290	
2512	2.602799	6.916729	0.989464	14.092941	1.269539	25.871472	
3012	2.601664	7.095037	1.182818	13.536280	1.295834	25.711633	
3512	2.610373	7.258364	1.359400	13.057360	1.340914	25.626411	
4012	2.649875	7.515770	1.485850	12.636505	1.391353	25.679353	
4512	2.618623	7.591699	1.699845	12.281793	1.398946	25.590906	
5012	2.592048	7.510638	1.876757	11.912940	1.406849	25.299232	
5512	2.587177	7.768006	2.049668	11.546071	1.442671	25.393593	
6012	2.565173	7.714999	2.189939	11.163528	1.461641	25.095280	
6512	2.571309	7.863903	2.361459	10.806271	1.490792	25.093734	
7012	2.547324	7.912545	2.522438	10.410523	1.518740	24.911570	
7512	2.550241	7.940171	2.708360	10.174893	1.567326	24.940991	
8012	2.581976	7.971900	2.858822	9.840753	1.576682	24.830133	
8512	2.570644	8.183985	3.027847	9.646388	1.601359	25.030223	
9012	2.644760	8.152553	3.223612	9.456329	1.632059	25.109313	
9512	2.555515	8.141428	3.374410	9.310039	1.663090	25.044482	
10012	2.563520	8.283776	3.573568	9.176542	1.666109	25.263515	
10512	2.610977	8.568915	3.745445	9.063327	1.730391	25.719055	
11012	2.620373	8.457933	3.914599	9.019769	1.830884	25.843558	
11512	2.596067	8.373903	4.175835	8.942979	1.779569	25.868353	
12012	2.580490	8.487285	4.261678	8.826444	1.784390	25.940287	
12512	2.582137	8.364229	4.432076	8.838300	1.784201	26.000943	
13012	2.575795	8.418266	4.579691	8.750863	1.832368	26.156983	
13512	2.599126	8.548495	4.760304	8.741694	1.852504	26.502123	
14012	2.614067	8.836475	4.932682	8.717111	1.889066	26.989401	
14512	2.601353	8.535655	5.125099	8.656122	1.866137	26.784366	
15012	2.586324	8.546227	5.261611	8.641834	1.899278	26.935274	
15512	2.592306	8.672443	5.510058	8.636924	1.944453	27.356184	
16012	2.569111	8.748787	5.674736	8.630376	2.012047	27.635057	
16512	2.618321	9.427604	6.771808	8.612218	2.006091	29.436042	
17012	2.639746	9.454118	6.012451	8.561620	1.984959	28.652894	
17512	2.568652	8.979249	6.213938	8.501610	1.993355	28.256804	
18012	2.613273	8.791474	6.334193	8.539340	2.024702	28.302982	
18512	2.547423	8.881532	6.476225	8.526305	2.063942	28.495427	
19012	2.585192	8.992293	6.721427	8.541212	2.098182	28.938306	
19512	2.613387	9.112877	6.939468	8.539181	2.111010	29.315923	
20012	2.595603	8.702364	7.014529	8.416997	2.116553	28.846046	
20512	2.548666	8.815834	7.149331	8.462458	2.143551	29.119840	
21012	2.551364	8.845097	7.395428	8.461078	2.166001	29.418968	
21512	2.599154	9.287530	7.851181	8.450277	2.199004	30.387146	
22012	2.603584	9.827105	8.288384	8.397148	2.236388	31.352609	
22512	2.614590	9.122654	7.907262	8.410236	2.251829	30.306571	
23012	2.598640	9.258342	8.089402	8.417801	2.255070	30.619255	
23512	2.594403	9.322648	8.287671	8.385413	2.288276	30.878411	
24012	2.603123	9.924627	9.338404	8.387534	2.314789	32.568477	
24512	2.604071	9.585207	8.769317	8.388493	2.339816	31.686904	
25012	2.600441	9.006544	8.593251	8.313971	2.350874	30.865081	
25512	2.545042	9.827655	9.534052	8.285610	2.386198	32.578557	
26012	2.593110	9.637165	9.255342	8.334796	2.449095	32.269508	
26512	2.594800	9.860429	9.824483	8.260501	2.441590	32.981803	
27012	2.609864	9.262618	9.421670	8.259140	2.451551	32.004843	
27512	2.580491	9.410373	9.540693	8.254945	2.459610	32.246112	
28012	2.587807	9.568929	9.845343	8.259700	2.493139	32.754918	
28512	2.644710	10.185826	10.004883	8.262347	2.509359	33.607125	
29012	2.631154	9.758281	10.118082	8.248739	2.523255	33.279511	
29512	2.603971	9.664410	10.354703	8.213550	2.574239	33.410873	
30012	2.603736	9.931077	10.461447	8.303188	2.619478	33.918926	
30512	2.637300	10.819507	10.593953	8.394514	2.656035	35.101309	
31012	2.638606	10.855547	11.064566	8.225197	2.639448	35.423364	
31512	2.609104	10.358348	11.177613	8.197517	2.665099	35.007681	
32012	2.592826	10.370314	11.331598	8.187489	2.699681	35.181908	
32512	2.626699	11.473753	11.442603	8.238733	2.707252	36.489040	
33012	2.628794	10.789239	11.772500	8.199146	2.720832	36.110511	
33512	2.625896	9.593937	11.302008	8.041887	2.723062	34.286790	
34012	2.581334	9.552699	12.212683	8.040614	2.789929	35.177259	
34512	2.614562	10.329343	12.419420	7.970482	2.783766	36.117573	
35012	2.583755	9.743848	11.823104	7.957599	2.783822	34.892128	
35512	2.590327	9.849835	12.010670	7.976403	2.821503	35.248738	
36012	2.554651	9.911586	12.219114	7.967719	2.872184	35.525254	
36512	2.582850	9.973968	12.541885	7.917364	2.883771	35.899838	
37012	2.638815	10.449666	12.662609	7.909545	2.890200	36.550835	
37512	2.629754	10.520890	12.925406	7.961246	2.921968	36.959264	
38012	2.632702	11.219796	13.664274	7.938297	2.939560	38.394629	
38512	2.637604	11.144019	14.322441	7.978032	2.970330	39.052426	
39012	2.628773	10.528676	13.450729	7.936362	2.982236	37.526776	
39512	2.631801	10.392515	13.555629	7.930454	3.027681	37.538080	
40012	2.626847	11.232093	13.664469	7.943844	3.035320	38.502573	
40512	2.594868	10.787735	13.877619	7.901514	3.067472	38.229208	
41012	2.637505	10.973971	14.088004	7.929879	3.084959	38.714318	
41512	2.654689	12.873351	16.442653	7.903474	3.197457	43.071624	
42012	2.680879	12.396394	14.727915	7.905800	3.133236	40.844224	
42512	2.643150	11.244699	14.632006	7.924634	3.172623	39.617112	
43012	2.627708	11.386203	15.064570	8.065496	3.227581	40.371558	
43512	2.652953	11.721938	15.034038	7.867263	3.198001	40.474193	
44012	2.662721	11.700461	15.291593	7.897303	3.234306	40.786384	
44512	2.633704	12.288432	16.383562	8.029129	3.320737	42.655564	
45012	2.677184	13.605870	16.852530	7.934253	3.281445	44.351282	
45512	2.694945	12.250515	15.888269	7.884486	3.307891	42.026106	
46012	2.666185	12.118954	15.987746	7.840114	3.363321	41.976320	
46512	2.663454	13.007398	16.282226	7.929621	3.354763	43.237462	
47012	2.639126	13.428263	17.344920	7.852403	3.394363	44.659075	
47512	2.715760	13.652767	17.629642	8.264468	3.562140	45.824777	
48012	2.667619	14.951311	17.950785	7.864515	3.473972	46.908202	
48512	2.643231	12.827684	17.259167	7.865141	3.519953	44.115176	
49012	2.682279	13.334124	17.463716	8.157644	3.580105	45.217868	
49512	2.666002	13.608567	17.666168	7.859122	3.563737	45.363596	
50012	2.633454	11.263149	15.611237	7.475835	3.446436	40.430111	
50512	2.624349	11.483928	16.131544	7.504901	3.493277	41.237999	
51012	2.646452	12.007439	16.079611	7.487402	3.527653	41.748557	
51512	2.634529	10.751265	16.055488	7.491922	3.507724	40.440928	
52012	2.636816	10.702026	16.113195	7.424702	3.547424	40.424163	
52512	2.638864	11.305781	16.377437	7.487014	3.582108	41.391204	
53012	2.637480	10.886809	16.364876	7.421374	3.590011	40.900550	
53512	2.622284	10.996866	16.898608	7.538955	3.697605	41.754318	
54012	2.636136	13.632519	17.180403	7.441866	3.636769	44.527693	
54512	2.623417	11.218399	16.902964	7.320623	3.650157	41.715560	
55012	2.650331	11.480543	16.915708	7.336538	3.681060	42.064180	
55512	2.615930	12.012110	17.136808	7.383279	3.703607	42.851734	
56012	2.638440	11.274721	17.299423	7.364824	3.726967	42.304375	
56512	2.640570	12.408735	17.780058	7.571812	3.785190	44.186365	
57012	2.657452	13.527766	17.944033	7.365659	3.782900	45.277810	
57512	2.621473	11.868541	17.722470	7.312448	3.794198	43.319130	
58012	2.623874	11.807466	17.762877	7.484113	3.881286	43.559616	
58512	2.607320	12.248279	17.903822	7.293595	3.877011	43.930027	
59012	2.662146	12.090522	18.026963	7.277674	3.874209	43.931514	
59512	2.648459	14.679486	19.554287	7.353850	3.908096	48.144178	
60012	2.634050	13.683776	18.359731	7.281319	3.958019	45.916895	
60512	2.631285	12.358509	18.602961	7.282517	3.986934	44.862206	
61012	2.661335	14.149774	18.839048	7.265132	3.974312	46.889601	
61512	2.628416	12.517757	18.785296	7.304760	3.993066	45.229295	
62012	2.644908	12.946928	19.226985	7.306047	4.049500	46.174368	
62512	2.659585	14.994387	19.808874	7.312285	4.073566	48.848697	
63012	2.656494	13.489984	19.242652	7.211562	4.083045	46.683737	
63512	2.659131	14.356198	20.051386	7.310186	4.139854	48.516755	
64012	2.621032	13.455758	19.367096	7.199735	4.145440	46.789061	
64512	2.666271	13.499966	19.600984	7.236546	4.302245	47.306012	
65012	2.706542	15.864356	20.641957	7.363924	4.289205	50.865984	
65512	2.692353	13.996504	19.939404	7.248031	4.243171	48.119463	
66012	2.649875	14.120725	20.233899	7.454314	4.304156	48.762969	
66512	2.681383	14.557221	20.347378	7.220105	4.272198	49.078285	
67012	2.684977	14.457641	20.464730	7.222807	4.371575	49.201730	
67512	2.668307	15.705507	21.439926	7.366265	4.421584	51.601589	
68012	2.654211	14.636768	20.713444	7.251562	4.392521	49.648506	
68512	2.657724	14.578193	21.071626	7.345940	4.409554	50.063037	
69012	2.659826	14.885870	20.913420	7.182481	4.463429	50.105026	
69512	2.671868	14.754418	21.271184	7.561333	4.595101	50.853904	
70012	2.616933	18.096291	22.708633	8.118778	5.002313	56.542948	
70512	2.645138	17.584701	22.272070	7.480757	4.689533	54.672199	
71012	2.669811	17.636584	23.703143	8.838679	5.442356	58.290573	
71512	2.628306	18.479830	23.706562	8.288529	5.019791	58.123018	
72012	2.700052	19.203572	23.594201	7.684778	4.961482	58.144085	
72512	2.629948	18.345428	24.139490	7.923732	4.886632	57.925230	
73012	2.656267	16.761226	22.559443	7.607199	4.905909	54.490044	
73512	2.642791	16.604370	22.798978	7.335726	4.776788	54.158653	
74012	2.642320	16.805209	23.009805	7.736286	4.944494	55.138114	
74512	2.656564	18.554330	23.799466	7.322015	4.870132	57.202507	
75012	2.675665	17.003065	23.216768	7.396378	4.963272	55.255148	
75512	2.639901	17.945406	23.672455	7.366096	4.961467	56.585325	
76012	2.671108	17.220467	23.714548	7.418165	5.067482	56.091770	
76512	2.653402	18.672208	24.447175	7.644006	5.132060	58.548851	
77012	2.684017	18.418402	23.886771	7.623143	5.089510	57.701843	
77512	2.660855	17.447609	24.620905	7.420575	5.112101	57.262045	
78012	3.074877	17.660800	24.199336	7.417679	5.194348	57.547040	
78512	2.646629	18.426968	25.093726	7.777283	5.288658	59.233264	
79012	2.778935	18.657590	24.492880	7.387199	5.252398	58.569002	
79512	2.645879	17.970189	24.654615	7.699041	5.480669	58.450393	
80012	2.631027	18.155403	24.979205	7.464455	5.309775	58.539865	
80512	2.651647	18.380145	25.396234	7.690584	5.596533	59.715143	
81012	2.636154	19.549045	25.448351	7.479827	5.464314	60.577691	
81512	2.653761	18.352113	25.182320	7.400900	5.468779	59.057873	
82012	2.662395	18.570558	25.323644	7.397760	5.458316	59.412673	
82512	2.667760	18.885562	25.812213	7.682631	5.621065	60.669231	
83012	2.712001	19.813236	25.841300	7.439723	5.533241	61.339501	
83512	2.709993	18.883009	25.947047	7.478810	5.635080	60.653939	
84012	2.640169	18.892613	25.976540	7.455231	5.640605	60.605158	
84512	2.695567	18.989359	26.339544	7.597728	5.901422	61.523620	
85012	2.683868	19.991819	26.453334	7.515490	5.755460	62.399971	
85512	2.651151	19.028740	26.253554	7.520231	5.794609	61.248285	
86012	2.663663	19.265025	26.433777	7.477073	5.852187	61.691725	
86512	2.617500	19.262032	27.084446	7.909576	6.414176	63.287730	
87012	2.709449	19.855117	26.802710	7.492688	5.910503	62.770467	
87512	2.622103	19.429996	26.910291	7.893548	6.151240	63.007178	
88012	2.634957	19.618939	26.977565	7.548061	6.356800	63.136322	
88512	2.649851	20.973801	29.014807	7.830734	6.133714	66.602907	
89012	2.657238	19.724369	27.321455	7.600650	6.092131	63.395843	
89512	2.669574	19.782003	27.829537	7.602280	6.158515	64.041909	
90012	2.660293	19.689740	27.569089	7.560993	6.146901	63.627016	
90512	2.701117	20.701217	28.489292	7.767512	6.323089	65.982227	
91012	2.650321	19.865763	27.747887	7.586149	6.279044	64.129164	
91512	2.662813	20.343535	28.006896	7.658200	6.312879	64.984323	
92012	2.634813	20.095007	28.048676	7.568228	6.470297	64.817021	
92512	2.652720	20.742223	28.706551	7.714551	6.460166	66.276211	
93012	2.665487	22.168169	30.242039	8.653698	7.466967	71.196360	
93512	2.628531	21.493571	29.693317	7.696418	6.543542	68.055379	
94012	2.679384	20.643790	29.383754	8.327750	7.094663	68.129341	
94512	2.655168	20.466661	28.616098	7.599030	6.566087	65.903044	
95012	2.652085	20.537271	29.150270	7.616795	6.645690	66.602111	
95512	2.635115	20.525920	29.028841	7.707683	6.646056	66.543615	
96012	2.630201	21.011747	29.604130	7.953933	6.866602	68.066613	
96512	2.652017	20.696953	29.205548	7.641162	6.740596	66.936276	
97012	2.685278	20.863337	29.379346	7.689797	6.797890	67.415648	
97512	2.655491	20.845065	29.978058	8.036870	7.658441	69.173925	
98012	2.629102	21.062764	29.582016	7.661123	6.886738	67.821743	
98512	2.665750	20.872080	30.174842	7.672418	6.952479	68.337569	
99012	2.645753	20.923570	29.867234	7.752756	6.971436	68.160749	
99512	2.662366	21.364693	30.491160	7.938361	7.083413	69.539993	
100012	2.704031	17.466014	25.287151	6.891394	5.625986	57.974576	
100512	2.673872	17.846791	25.262933	6.896565	5.625335	58.305496	
101012	2.661329	16.217907	25.352799	6.857531	5.694272	56.783838	
101512	2.659220	19.648577	25.763960	6.857687	5.668920	60.598364	
102012	2.676954	16.736837	25.598841	6.996137	5.712535	57.721304	
102512	2.675261	17.601727	25.680755	6.958451	5.741254	58.657448	
103012	2.661632	16.900107	25.757724	7.196900	5.773923	58.290286	
103512	2.698858	19.884117	26.077067	6.910270	5.784296	61.354608	
104012	2.691846	17.151494	26.129955	7.285006	5.902869	59.161170	
104512	2.681552	18.652462	25.800974	6.811088	5.789324	59.735400	
105012	2.647185	15.555364	26.203481	6.936256	5.836615	57.178901	
105512	2.687639	18.419391	26.115626	6.865656	5.845530	59.933842	
106012	2.676685	16.226238	26.054435	7.121951	5.931055	58.010364	
106512	2.650617	16.333881	26.067843	6.878337	5.916072	57.846750	
107012	2.614989	18.593381	26.628118	6.890347	5.909091	60.635926	
107512	2.654122	17.718578	26.329520	6.886394	5.928161	59.516775	
108012	2.682526	16.558019	26.811228	6.978788	5.959739	58.990300	
108512	2.660599	16.244090	26.547881	7.021230	5.977229	58.451029	
109012	2.638215	20.112695	27.347237	7.287946	6.055680	63.441773	
109512	2.637834	17.576568	26.589627	6.952779	6.026500	59.783308	
110012	2.677549	18.092799	27.003277	6.935089	6.031437	60.740151	
110512	2.648889	16.797204	26.785823	6.941976	6.059102	59.232994	
111012	2.651488	20.127366	27.422204	7.073022	6.103103	63.377183	
111512	2.646947	17.378518	27.369385	7.049941	6.123254	60.568045	
112012	2.691010	17.794367	27.127996	6.927715	6.114067	60.655155	
112512	2.675184	17.228421	27.478446	7.107505	6.237501	60.727057	
113012	2.680344	19.630053	27.527418	6.970061	6.178859	62.986735	
113512	2.658005	17.568859	27.486283	7.363989	6.299861	61.376997	
114012	2.693270	17.675253	27.556800	7.080659	6.268457	61.274439	
114512	2.686588	19.965691	28.057166	7.380510	6.351614	64.441569	
115012	2.654472	17.926287	27.861582	7.100307	6.309483	61.852131	
115512	2.701685	19.320700	27.988111	7.084000	6.340011	63.434507	
116012	2.676669	17.814495	27.946024	7.294745	6.454432	62.186365	
116512	2.675135	21.536998	28.299192	7.074283	6.395323	65.980931	
117012	2.664410	18.317952	28.282677	7.417085	6.514643	63.196767	
117512	2.661596	18.690602	28.219126	7.157805	6.440529	63.169658	
118012	2.689788	20.321532	28.965218	7.497110	6.528242	66.001890	
118512	2.668790	18.736163	28.655789	7.202372	6.475876	63.738990	
119012	2.672024	20.909110	28.629403	7.065169	6.486377	65.762083	
119512	2.665752	18.767995	28.788715	7.371027	6.569065	64.162554	
120012	2.667040	20.823946	28.926031	7.129061	6.522229	66.068307	
120512	2.650148	19.083235	29.172680	7.302120	6.617674	64.825857	
121012	2.635032	18.873410	28.939998	7.220829	6.613566	64.282835	
121512	2.634535	20.664002	29.476014	7.497582	6.695027	66.967160	
122012	2.661958	19.036475	29.057562	7.207790	6.660001	64.623786	
122512	2.637648	19.667265	29.144366	7.214765	6.691133	65.355177	
123012	2.649172	19.969144	29.808598	7.562123	6.785425	66.774462	
123512	2.656675	19.781804	29.337374	7.274436	6.737097	65.787386	
124012	2.691910	20.415542	29.649726	7.245078	6.773015	66.775271	
124512	2.671875	19.454678	29.378540	7.374647	6.863978	65.743718	
125012	2.634069	22.685311	30.257241	7.371666	6.820558	69.768845	
125512	2.653213	19.622453	29.801169	7.432100	6.855624	66.364559	
126012	2.668781	19.630700	29.861637	7.383189	6.854626	66.398933	
126512	2.693905	22.987118	30.990977	7.582762	6.936840	71.191602	
127012	2.637538	19.900597	30.061235	7.354229	6.917036	66.870635	
127512	2.646964	22.350698	30.446037	7.391601	6.954670	69.789970	
128012	2.709516	22.007439	30.725994	8.160179	7.116721	70.719849	
128512	2.697641	20.391040	30.388503	7.430675	7.026871	67.934730	
129012	2.675947	20.875997	30.463483	7.362940	7.012914	68.391281	
129512	2.655398	20.804318	30.993587	8.183625	7.228923	69.865851	
130012	2.700044	20.882052	30.616849	7.404991	7.117146	68.721082	
130512	2.717960	21.355880	30.696015	7.443374	7.116370	69.329599	
131012	2.652409	20.694761	30.963200	7.696142	7.183352	69.189864	
131512	2.669755	21.806263	30.924268	7.448812	7.157957	70.007055	
132012	2.673964	21.847018	31.571190	7.507035	7.224101	70.823308	
132512	2.682676	20.442288	30.892469	7.445397	7.339366	68.802196	
133012	2.652142	23.090545	32.039021	7.815097	7.358261	72.955066	
133512	2.658266	21.239642	31.628615	7.572220	7.310483	70.409226	
134012	2.692424	20.875845	31.529728	7.722447	7.373288	70.193732	
134512	2.659595	22.304544	31.726312	7.635167	7.362232	71.687850	
135012	2.648650	21.178574	31.732094	7.743325	7.430630	70.733273	
135512	2.648853	20.894291	31.494165	7.614232	7.424458	70.075999	
136012	2.696462	23.036504	32.421938	7.580178	7.406041	73.141123	
136512	2.673449	21.544711	31.915330	7.878269	7.542069	71.553828	
137012	2.662888	21.082699	31.838108	7.687442	7.501207	70.772344	
137512	2.681546	21.913152	32.422829	7.637287	7.511567	72.166381	
138012	2.684663	20.554381	32.038113	7.918456	7.644939	70.840552	
138512	2.656193	20.647205	32.103228	7.618073	7.559922	70.584621	
139012	2.677544	23.131647	32.803894	7.743380	7.654331	74.010796	
139512	2.667420	20.915186	32.335949	7.900663	7.779736	71.598954	
140012	2.694910	20.905658	32.563998	7.733920	7.690003	71.588489	
140512	2.700021	22.577298	32.903434	7.769450	7.702691	73.652894	
141012	2.680203	20.933997	32.503204	7.920384	7.806776	71.844564	
141512	2.652152	20.775203	32.653239	7.725702	7.762472	71.568768	
142012	2.697176	22.735532	33.359458	7.798375	7.774871	74.365412	
142512	2.664444	21.052052	32.773092	8.010751	7.900802	72.401141	
143012	2.662623	21.181177	32.933090	7.768092	8.438688	72.983670	
143512	2.687864	22.466661	33.483692	7.781867	7.876801	74.296885	
144012	2.702600	20.946562	33.574171	8.018632	7.982462	73.224427	
144512	2.993422	20.992885	33.314379	7.800702	8.056660	73.158048	
145012	2.654989	23.100510	33.784061	7.853780	7.971085	75.364425	
145512	2.654238	21.579595	33.658392	7.767471	7.977095	73.636791	
146012	2.684913	21.038170	33.431390	7.821408	8.142325	73.118206	
146512	2.685374	22.828731	33.707532	7.857512	8.035245	75.114394	
147012	2.647459	21.612852	33.846120	7.888913	8.123675	74.119019	
147512	2.653869	21.433379	33.607917	8.177476	8.199455	74.072096	
148012	2.708482	22.515230	33.859238	7.892910	8.126121	75.101981	
148512	2.648202	22.245142	33.878110	7.868549	8.170016	74.810019	
149012	2.652877	21.472628	34.190352	8.238448	8.353410	74.907715	
149512	2.673726	22.193542	33.976724	7.894024	8.181027	74.919043	
