main2_Seq, time [ms], size=1000000	step=5000
1	24.086858	50.059643	3.640958	453.233394	11.997402	543.018255	
2	25.075444	51.143125	3.181803	428.316747	12.020107	519.737226	
4	22.335511	53.075423	5.320634	410.360925	12.265465	503.357958	
8	24.726491	54.318407	5.892923	389.058359	12.194306	486.190486	
16	24.687502	54.948986	6.115817	366.491057	12.151198	464.394560	
32	24.698815	54.585910	5.642607	344.158423	12.107946	441.193701	
64	24.443987	55.450976	5.737434	323.354264	12.138326	421.124987	
128	24.489250	56.868913	5.497162	301.970930	12.156451	400.982706	
256	22.920560	59.700109	5.630009	280.396357	12.124644	380.771679	
512	23.227743	64.551559	6.113888	259.513630	12.105249	365.512069	
1024	24.970795	74.665744	6.493164	238.927963	12.232166	357.289832	
2048	24.971914	92.091022	7.450183	218.557017	12.539598	355.609734	
4096	24.903119	103.788593	8.999050	198.617564	12.737154	349.045480	
8192	24.889233	113.003813	11.918762	179.270316	13.693273	342.775397	
13192	25.017126	118.565997	16.159211	167.198960	14.639823	341.581117	
18192	24.849904	114.454345	14.479467	157.325977	15.592382	326.702075	
23192	24.843673	118.449965	19.538267	151.181722	16.762000	330.775627	
28192	24.858897	118.606707	21.962406	144.798087	17.569367	327.795464	
33192	24.864901	121.324953	25.575337	139.728837	18.430035	329.924063	
38192	24.949046	122.326744	28.708142	135.684231	19.269311	330.937474	
43192	24.911093	124.225448	31.417345	132.038211	20.179842	332.771939	
48192	25.037834	124.609592	34.391476	128.789099	21.019418	333.847419	
53192	24.883765	126.581511	36.927178	125.353241	21.991575	335.737270	
58192	25.039052	128.040266	39.154490	121.987381	22.901330	337.122519	
63192	24.878483	129.117695	40.890817	118.669056	23.645133	337.201184	
68192	25.759127	136.513148	43.166290	115.505517	24.496786	345.440868	
73192	24.872504	132.398260	45.084037	112.484020	25.696708	340.535529	
78192	24.842802	133.424385	47.328383	109.926113	26.693941	342.215624	
83192	25.271750	136.018074	50.213492	108.153218	27.689381	347.345915	
88192	25.587342	136.626495	52.410456	105.536588	28.104885	348.265766	
93192	24.954634	128.728984	53.759492	102.783229	28.696410	338.922749	
98192	24.928334	131.314210	56.750593	102.178299	29.631791	344.803227	
103192	24.882956	131.594652	58.316694	99.062870	31.200617	345.057789	
108192	24.781544	137.110639	61.308579	98.870628	32.065519	354.136909	
113192	24.933188	135.853653	63.341515	96.512259	32.978300	353.618915	
118192	24.898524	140.114862	66.132133	96.581906	34.007392	361.734817	
123192	24.994042	139.601168	68.929626	96.808055	35.062347	365.395238	
128192	25.205695	139.986867	71.381279	94.683310	33.491194	364.748345	
133192	24.930917	140.358428	73.405751	94.929227	34.590577	368.214900	
138192	24.802997	144.953293	76.470143	95.310906	35.734376	377.271715	
143192	24.942153	147.484875	78.076286	93.490299	28.375544	372.369157	
148192	24.901232	147.300739	80.883838	94.018759	29.491495	376.596063	
153192	25.046108	153.474619	83.853136	94.497113	30.646665	387.517641	
158192	24.976324	155.925355	86.778872	95.052211	31.710740	394.443502	
163192	24.980729	153.370111	89.440471	95.469447	32.868469	396.129227	
168192	24.919192	162.209223	90.949580	92.982782	26.778510	397.839287	
173192	24.854041	157.006799	93.774637	93.360944	27.503536	396.499957	
178192	24.887388	167.335602	96.762411	93.901034	28.170139	411.056574	
183192	24.892488	157.583043	99.456599	94.484197	28.884453	405.300780	
188192	24.939160	159.758019	102.387181	95.052881	29.608216	411.745457	
193192	24.822024	162.409860	105.165875	95.548671	30.378564	418.324994	
198192	25.273756	167.664964	108.055934	96.200196	31.177016	428.371866	
203192	24.896881	162.627962	108.033244	92.919427	27.396674	415.874188	
208192	24.993165	164.478832	111.048251	93.464984	27.923094	421.908326	
213192	24.901219	172.480136	113.663523	93.988742	28.546849	433.580469	
218192	24.999939	170.570618	116.503779	94.368164	29.044018	435.486518	
223192	24.795568	174.293858	119.441760	94.835162	29.511891	442.878239	
228192	24.962815	176.284961	122.063991	95.390955	29.999678	448.702400	
233192	24.847973	180.987824	124.575015	96.005038	30.560681	456.976531	
238192	24.943584	186.178038	127.761571	96.651820	31.248165	466.783178	
243192	24.916709	183.778118	130.596282	97.341041	31.929766	468.561916	
248192	24.994737	187.282707	133.706550	98.080419	32.581407	476.645820	
253192	24.897637	184.770990	125.609163	92.724220	29.418821	457.420831	
258192	24.793548	191.919050	128.480784	93.306439	29.839892	468.339713	
263192	24.856274	188.351121	131.315807	93.785048	30.300266	468.608516	
268192	24.820657	189.139272	134.367020	94.281186	30.742878	473.351013	
273192	24.858672	188.650122	136.820661	94.638176	31.220493	476.188124	
278192	24.787438	195.280899	139.786457	95.165179	31.696108	486.716081	
283192	25.071011	194.571356	142.500720	95.533389	32.137699	489.814175	
288192	24.755015	196.905272	144.796079	96.072257	32.763374	495.291997	
293192	24.848232	197.497723	147.989430	96.516017	33.039712	499.891114	
298192	24.793131	198.616556	150.558954	96.937270	33.585691	504.491602	
303192	24.840393	207.799542	153.245828	97.296783	34.094322	517.276868	
308192	24.813890	203.120549	156.333871	97.890977	34.764762	516.924049	
313192	24.927734	205.339502	158.775341	98.509120	35.275417	522.827114	
318192	25.030425	212.490598	161.597256	98.795102	35.809295	533.722676	
323192	24.846276	209.490986	164.220921	99.277723	36.379425	534.215331	
328192	24.848153	210.402529	166.595975	99.546370	37.003759	538.396786	
333192	24.936460	214.843624	169.055239	99.999021	37.553458	546.387802	
338192	24.877725	219.925940	157.626668	92.916290	33.460778	528.807401	
343192	24.857315	213.440222	160.406923	93.280544	33.844491	525.829495	
348192	25.041392	215.007022	162.850351	93.638406	34.290403	530.827574	
353192	24.798897	218.729813	165.465772	93.875689	34.619978	537.490149	
358192	24.900715	218.924871	168.129278	93.996262	35.154707	541.105833	
363192	24.792748	215.410284	170.438343	94.377442	35.541077	540.559894	
368192	24.916774	223.613066	172.465540	94.513002	35.940951	551.449333	
373192	24.773084	223.520801	174.865180	94.636185	36.219428	554.014678	
378192	24.867277	222.058690	177.011764	94.740359	36.623462	555.301552	
383192	24.848073	221.536419	179.579393	95.227314	36.983858	558.175057	
388192	24.884304	227.580121	182.280847	95.616180	37.514413	567.875865	
393192	24.841084	229.817375	184.899286	95.916519	38.247309	573.721573	
398192	24.899186	229.850373	187.848277	96.543374	38.587895	577.729105	
403192	24.792008	231.005232	190.745188	97.026709	39.228911	582.798048	
408192	24.845011	230.458043	193.651581	97.388564	39.723130	586.066329	
413192	24.845821	233.204695	195.522604	97.541485	40.136613	591.251218	
418192	24.825074	253.612543	198.189016	97.788755	40.507553	614.922941	
423192	24.805754	241.806566	200.474773	97.976276	41.018370	606.081739	
428192	24.857114	243.583938	203.090696	98.289193	41.643663	611.464604	
433192	24.852297	245.959980	204.994697	98.522093	42.274316	616.603383	
438192	25.177081	246.206121	207.546494	98.792229	42.729837	620.451762	
443192	24.790865	244.044701	209.678921	98.968149	43.313997	620.796633	
448192	24.864254	245.626297	212.171746	99.081189	43.804194	625.547680	
453192	24.892014	247.759952	214.746717	99.202858	44.525137	631.126678	
458192	24.922457	248.870527	216.861402	99.620552	45.012233	635.287171	
463192	24.803594	245.181397	219.076259	99.718976	45.660945	634.441171	
468192	24.945341	244.888323	221.376502	99.813169	46.276701	637.300036	
473192	24.882744	247.805650	223.326532	99.840213	46.877998	642.733137	
478192	24.917495	251.415421	225.814130	100.042772	47.521613	649.711431	
483192	24.765501	250.118394	227.741519	100.104902	48.254742	650.985058	
488192	24.948153	249.547840	229.593808	100.200508	48.803000	653.093309	
493192	24.873252	250.957461	232.189618	100.816226	49.376088	658.212645	
498192	24.883366	251.985635	233.240300	99.904674	49.959964	659.973939	
503192	24.971961	251.949127	182.327233	89.411015	40.955910	589.615246	
508192	24.918759	252.015970	184.970025	89.721394	41.467224	593.093372	
513192	24.987779	252.817730	187.117056	89.933267	42.081594	596.937426	
518192	24.884648	256.377097	189.549120	90.208356	42.531439	603.550660	
523192	24.989371	253.696082	192.041289	90.564837	42.805730	604.097309	
528192	24.928000	255.787080	194.476787	90.509361	43.306279	609.007507	
533192	25.025918	254.616648	196.227975	90.770965	43.610298	610.251804	
538192	24.915646	255.200281	197.851701	90.690666	44.092601	612.750895	
543192	24.937604	256.446965	199.433679	90.881552	44.407080	616.106880	
548192	24.939950	263.574091	201.340027	90.932414	44.813809	625.600291	
553192	25.070980	263.769304	202.664041	90.938926	45.201658	627.644909	
558192	24.892198	267.310667	204.691461	90.851470	45.659487	633.405283	
563192	24.957671	265.822261	206.218580	91.114205	45.989683	634.102400	
568192	24.927501	266.799670	208.185824	91.194460	46.504158	637.611613	
573192	25.119972	263.841148	209.894625	91.153356	46.925806	636.934907	
578192	24.899325	263.048145	211.786185	91.129467	47.375383	638.238505	
583192	24.991867	265.122108	213.967390	91.290107	47.777447	643.148919	
588192	24.841671	266.202539	215.661561	91.418274	48.185775	646.309820	
593192	24.954900	269.825514	216.907382	91.463930	48.689527	651.841253	
598192	24.952505	268.667041	218.581265	91.563913	48.513364	652.278088	
603192	25.070613	273.173200	220.468405	91.439477	49.664843	659.816538	
608192	24.852084	270.656693	220.093795	91.377531	50.074594	657.054697	
613192	24.996402	275.746834	220.888481	91.108991	50.228396	662.969104	
618192	24.826982	273.248892	221.834716	91.147332	50.524311	661.582233	
623192	24.924761	269.938564	223.945015	91.312595	51.145289	661.266224	
628192	24.867394	271.183127	226.601712	91.581004	51.990254	666.223491	
633192	24.944525	274.160018	228.808482	91.865068	52.378408	672.156501	
638192	24.932509	274.095745	231.226983	91.983556	52.941105	675.179898	
643192	24.974418	274.001515	233.596366	92.096337	53.350422	678.019058	
648192	24.986939	279.687711	235.776878	92.022175	53.873090	686.346793	
653192	24.992520	277.335216	237.207572	92.066364	54.375860	685.977532	
658192	24.960514	276.961068	238.601241	92.129466	54.776965	687.429254	
663192	24.947833	281.613472	239.878778	92.139861	55.275709	693.855653	
668192	24.905461	278.743941	241.484139	92.229807	55.719792	693.083140	
673192	25.032836	282.938846	242.903619	92.227638	56.417339	699.520278	
678192	24.896281	282.274279	244.121650	92.260980	56.845283	700.398473	
683192	24.905403	281.824618	245.622951	92.282460	57.397530	702.032962	
688192	24.853894	284.387482	247.523444	92.504123	57.913563	707.182506	
693192	25.036503	281.926769	250.343124	92.503903	58.435063	708.245362	
698192	24.856568	293.986058	250.505723	92.393652	58.812801	720.554802	
703192	24.961926	289.805364	251.912346	92.479775	59.427057	718.586468	
708192	24.888393	290.722277	252.783792	92.588236	59.858880	720.841578	
713192	24.932041	287.512265	253.154628	92.300123	60.189586	718.088643	
718192	24.857878	293.953451	253.811525	92.079722	60.451418	725.153994	
723192	24.956045	289.869080	255.505944	92.179029	60.925289	723.435387	
728192	29.055706	290.957342	258.807181	92.845166	61.916174	733.581569	
733192	24.996623	285.686512	259.489607	92.803698	62.406446	725.382886	
738192	24.905291	291.854353	262.111100	92.860789	63.014380	734.745913	
743192	24.986126	289.051527	263.668262	92.828923	63.572436	734.107274	
748192	24.875541	289.059134	265.630964	92.986700	64.009634	736.561973	
753192	25.006201	294.438078	267.136295	92.918833	64.508737	744.008144	
758192	24.922242	290.572341	268.509838	93.037973	65.187028	742.229422	
763192	24.967412	291.450447	269.686080	93.101377	65.779944	744.985260	
768192	24.917885	295.904478	272.080763	93.147170	66.153327	752.203623	
773192	24.962355	292.930736	273.006800	93.016553	66.505855	750.422299	
778192	24.910571	293.669615	274.627654	93.179047	67.234630	753.621517	
783192	25.096470	297.419217	276.332099	93.067374	67.625433	759.540593	
788192	24.974844	294.313439	277.433858	93.171767	68.194893	758.088801	
793192	24.965045	292.661204	278.515352	93.206570	68.756463	758.104634	
798192	24.884699	298.453171	279.242801	93.289372	69.369919	765.239962	
803192	24.956190	293.573321	279.583608	93.202427	69.832190	761.147736	
808192	24.869063	293.386225	279.954687	93.083892	70.020147	761.314014	
813192	24.985421	299.200039	280.074317	92.871850	70.328900	767.460527	
818192	25.451503	298.084603	282.699292	93.223275	71.261094	770.719767	
823192	24.886505	296.128950	285.177200	93.414420	71.818587	771.425662	
828192	24.846212	295.771235	288.006862	93.554013	72.391476	774.569798	
833192	24.958415	299.360812	289.459101	93.586863	72.952685	780.317876	
838192	24.888476	300.142817	291.313216	93.609438	73.537509	783.491456	
843192	24.905594	300.520762	293.106002	93.608407	74.054354	786.195119	
848192	24.428877	299.333198	294.721969	93.400318	74.196175	786.080537	
853192	25.101462	299.003807	294.721612	93.487295	74.433876	786.748052	
858192	25.718517	297.814333	299.443448	93.720375	73.685740	790.382413	
863192	25.037928	300.378115	297.297038	93.495065	75.525924	791.734070	
868192	24.895706	300.929469	298.803770	93.576998	76.026966	794.232909	
873192	24.982941	302.686107	299.554997	93.513236	76.590397	797.327678	
878192	24.843079	302.446608	300.829471	93.455464	77.183422	798.758044	
883192	24.949464	303.724862	301.743455	93.615749	77.475763	801.509293	
888192	25.489095	301.892573	302.130376	93.552295	78.159114	801.223453	
893192	24.939154	301.360721	302.236472	93.274763	78.482510	800.293620	
898192	24.864167	301.443610	302.728213	93.246079	78.689948	800.972017	
903192	24.900856	301.286549	305.501398	93.456952	79.576546	804.722301	
908192	24.817162	302.012710	308.281110	93.672206	80.108703	808.891891	
913192	25.566377	302.084787	309.907202	93.746860	81.080584	812.385810	
918192	24.814259	307.969218	311.646100	93.734448	81.140129	819.304154	
923192	24.965111	308.345021	312.831213	93.817341	81.612276	821.570962	
928192	24.825956	308.811622	314.189903	93.909894	82.096889	823.834264	
933192	24.903332	321.633113	316.906594	94.192192	83.022335	840.657566	
938192	24.844227	312.493692	316.681385	94.242466	83.671064	831.932834	
943192	24.970689	309.109080	318.374787	94.315660	84.162079	830.932295	
948192	24.847445	318.048740	320.254569	94.289014	84.740044	842.179812	
953192	24.997699	310.405190	321.107090	94.361498	85.194511	836.065988	
958192	24.825410	311.061376	322.329477	94.446448	85.527843	838.190554	
963192	24.963194	311.239776	323.007433	94.404863	86.086438	839.701704	
968192	24.775231	309.748299	324.074042	94.447935	86.552575	839.598082	
973192	24.984426	313.368990	323.442757	94.317530	86.863423	842.977126	
978192	24.845286	309.924655	323.382202	94.510586	87.059379	839.722108	
983192	25.756131	319.169880	326.113539	97.559021	87.630399	856.228970	
988192	24.920643	312.954564	328.743367	94.508824	88.515287	849.642685	
993192	24.986092	312.993062	330.911157	94.520721	89.248184	852.659216	
998192	24.846753	310.925679	331.726375	94.674979	89.442675	851.616461	
1003192	24.859293	306.467531	268.917022	85.840133	62.725447	748.809426	
1008192	25.011231	306.838584	269.855210	85.922725	62.926132	750.553882	
1013192	25.014327	306.351972	270.923783	86.176101	63.289390	751.755573	
1018192	25.079349	311.396480	271.263226	86.153926	63.347610	757.240591	
1023192	24.870114	309.049203	271.475951	86.348582	63.828448	755.572298	
1028192	25.038758	309.717806	272.227510	86.260521	63.970923	757.215518	
1033192	24.805579	311.338197	273.044158	86.450734	64.244404	759.883072	
1038192	24.940010	310.742796	274.595780	86.543255	64.225412	761.047253	
1043192	24.807944	310.620555	275.195890	86.723717	64.841984	762.190090	
1048192	24.962069	308.756564	275.723182	86.594199	65.091954	761.127968	
1053192	24.824373	310.986057	275.510605	86.987892	65.278294	763.587221	
1058192	25.002005	306.829911	275.235778	86.109968	64.993133	758.170795	
1063192	24.930248	308.668183	277.365285	86.535525	65.505097	763.004338	
1068192	24.955811	310.204024	280.011396	86.892799	66.155325	768.219355	
1073192	24.970309	310.943898	282.323817	87.193966	66.463005	771.894995	
1078192	24.979648	312.448109	283.720009	87.303956	66.639699	775.091421	
1083192	29.182629	311.560844	287.033384	87.836461	67.116462	782.729780	
1088192	25.010919	314.718815	286.195425	87.390626	67.203871	780.519656	
1093192	24.878344	311.511510	286.788532	87.590996	67.612601	778.381983	
1098192	24.987652	313.430320	287.456356	87.654211	67.905142	781.433681	
1103192	24.903435	313.311226	288.446976	87.701945	68.194262	782.557844	
1108192	25.035133	312.628067	289.328515	87.798929	68.522503	783.313147	
1113192	24.850870	326.583255	290.520170	88.154315	68.701353	798.809963	
1118192	24.911570	316.175033	290.739406	87.824252	68.813497	788.463758	
1123192	24.884989	319.093091	291.048076	88.020285	69.154168	792.200609	
1128192	24.967463	319.536089	289.970962	87.971231	69.476300	791.922045	
1133192	24.850617	321.540275	289.434097	87.793905	69.465044	793.083938	
1138192	24.952181	320.279742	288.605739	87.661213	69.604036	791.102911	
1143192	24.857644	316.142266	290.957328	87.981430	70.211337	790.150005	
1148192	24.979920	316.777731	293.896806	88.530869	70.754135	794.939461	
1153192	24.786310	314.996188	296.765181	88.508391	70.912484	795.968554	
1158192	24.992304	315.825826	299.537308	88.633871	71.261736	800.251045	
1163192	24.853381	319.543777	301.426609	88.746123	71.536708	806.106598	
1168192	24.984406	317.882061	302.416534	88.887377	71.857181	806.027559	
1173192	24.886782	319.135386	303.128880	88.901966	72.179912	808.232926	
1178192	25.749494	326.565044	304.305332	92.702005	72.563206	821.885081	
1183192	24.892177	317.979587	305.300782	89.100356	72.879711	810.152613	
1188192	25.004761	318.765298	305.934597	89.183410	73.019521	811.907587	
1193192	24.842995	318.831503	306.656292	89.236729	73.348833	812.916352	
1198192	24.987780	322.380407	306.972123	89.395925	73.285070	817.021305	
1203192	24.884765	317.830203	306.413347	89.571090	73.895216	812.594621	
1208192	24.936559	322.033903	305.862680	89.334757	74.113680	816.281579	
1213192	24.835673	320.388793	305.151444	89.187785	74.106735	813.670430	
1218192	24.914174	322.250680	306.180041	89.323581	74.329021	816.997497	
1223192	24.816500	319.099699	308.599560	89.749553	74.962583	817.227895	
1228192	24.944909	323.834535	311.362133	89.701368	75.319930	825.162875	
1233192	24.863591	319.635029	312.385000	89.898433	75.639096	822.421149	
1238192	24.926602	320.576378	313.167241	90.020065	75.972098	824.662384	
1243192	24.904330	320.257449	313.544616	90.111909	76.442783	825.261087	
1248192	25.045412	320.826871	314.772226	90.196286	76.592525	827.433320	
1253192	24.895254	321.359525	316.725747	90.378711	76.996634	830.355871	
1258192	24.972493	322.178699	318.501130	90.457755	77.340739	833.450816	
1263192	24.897136	322.813197	320.156541	90.444668	77.525036	835.836578	
1268192	24.944401	320.718741	321.421639	90.458951	77.765648	835.309380	
1273192	25.069952	322.540797	322.108125	90.766715	78.030909	838.516498	
1278192	24.923815	324.458066	320.979002	90.589784	78.413495	839.364162	
1283192	24.920738	322.344390	320.380840	90.436560	78.440143	836.522671	
1288192	24.891002	326.734349	319.551391	90.312482	78.314056	839.803280	
1293192	24.890942	323.325741	321.949729	90.832775	79.265619	840.264806	
1298192	24.959583	339.138153	324.571150	90.994803	79.841098	859.504787	
1303192	24.797209	327.204504	327.199487	91.103445	80.134199	850.438844	
1308192	24.976453	329.232290	328.649118	91.135009	80.328231	854.321101	
1313192	24.809770	328.519657	333.364775	91.363311	80.890409	858.947922	
1318192	24.978251	329.498862	330.142339	91.366805	80.965598	856.951855	
1323192	24.880786	324.995211	330.962321	91.495282	81.415727	853.749327	
1328192	24.955016	328.225236	332.076908	91.599052	81.695110	858.551322	
1333192	24.957449	327.891659	332.823190	91.612690	82.147243	859.432231	
1338192	24.856890	328.093197	331.552620	91.888810	82.404713	858.796230	
1343192	25.021205	329.108512	333.194121	91.754915	82.419409	861.498162	
1348192	24.787847	327.755774	331.644084	91.813451	82.781017	858.782173	
1353192	25.004705	327.481612	330.608293	91.639197	82.862704	857.596511	
1358192	24.890207	329.077485	330.711296	91.481313	82.638409	858.798710	
1363192	24.945480	326.446786	332.853335	91.822828	83.785407	859.853836	
1368192	24.835071	329.895113	334.821233	92.185658	84.152361	865.889436	
1373192	24.932485	326.406543	338.569279	92.177008	84.562585	866.647900	
1378192	24.841575	327.725157	339.146875	92.234585	84.749619	868.697811	
1383192	25.033619	327.900734	339.804373	92.355577	85.061291	870.155594	
1388192	24.953128	326.694749	342.344557	92.444603	85.389063	871.826100	
1393192	24.930694	328.982757	341.684065	92.499236	85.805579	873.902331	
1398192	24.853130	329.744850	342.438824	92.479994	86.198322	875.715120	
1403192	24.938809	328.098646	344.412200	92.564986	86.498717	876.513358	
1408192	24.864540	328.892439	344.732222	92.669959	86.637350	877.796510	
1413192	24.896320	328.001599	343.960822	92.675732	86.930038	876.464511	
1418192	24.839550	331.164926	344.776252	92.746830	87.512610	881.040168	
1423192	24.918755	329.468484	342.557517	92.515016	87.133565	876.593337	
1428192	24.844418	329.281218	343.736986	92.741557	87.806346	878.410525	
1433192	26.003168	330.151568	346.973305	93.166092	88.711881	885.006014	
1438192	24.843168	330.346602	349.114518	93.114144	88.868599	886.287031	
1443192	24.949124	330.736059	350.703820	93.240589	89.039765	888.669357	
1448192	24.858099	327.898441	353.618048	93.395563	89.490873	889.261024	
1453192	24.986556	330.443447	352.334342	93.385631	89.704209	890.854185	
1458192	25.013137	331.691388	354.375686	93.631224	89.387562	894.098997	
1463192	25.041619	331.624022	355.726715	93.629952	90.820371	896.842679	
1468192	24.838172	334.196686	354.924746	93.661555	90.874716	898.495875	
1473192	24.931283	334.878327	356.336499	93.642369	91.187681	900.976159	
1478192	24.833188	334.253145	360.467001	93.944414	91.728818	905.226566	
1483192	24.999689	336.021301	355.274832	94.068260	92.125951	902.490033	
1488192	24.849248	333.906244	354.912032	93.808692	91.880126	899.356342	
1493192	24.963011	332.361207	356.267662	93.935467	92.323873	899.851220	
1498192	24.891381	334.470692	358.221207	94.213074	93.058278	904.854632	
