main2_Seq, time [ms], size=1000000	step=5000
1	24.007520	49.263516	3.617536	458.530169	12.034028	547.452769	
2	24.304273	50.469441	3.529000	433.512186	12.049780	523.864680	
4	22.635597	52.226209	5.030991	414.946241	12.043924	506.882962	
8	24.096138	53.847138	6.303685	392.951975	12.011670	489.210606	
16	24.029992	55.484543	6.184624	371.584050	12.035399	469.318608	
32	24.134731	55.447452	5.853176	348.567473	12.071720	446.074552	
64	23.763685	55.867363	5.767562	327.993358	11.918697	425.310665	
128	23.751552	56.258979	5.491319	306.589568	11.923856	404.015274	
256	22.791743	58.839748	5.657398	285.076790	12.023213	384.388892	
512	22.929765	61.329202	6.053629	262.749611	12.210932	365.273139	
1024	23.883852	72.872690	6.539300	241.421048	12.004135	356.721025	
2048	24.122470	91.038291	7.602181	220.490204	12.138335	355.391481	
4096	24.169002	103.850570	9.267893	200.800391	12.850943	350.938799	
8192	24.152352	113.293188	11.867317	180.689464	13.829071	343.831392	
13192	24.180922	118.242632	16.208653	166.997674	13.997427	339.627308	
18192	24.176951	114.382419	14.085226	156.984722	15.000922	324.630240	
23192	24.150485	116.259535	18.262920	150.071037	16.207477	324.951454	
28192	24.199731	118.129492	22.034509	144.556532	16.931454	325.851718	
33192	24.212962	120.262304	26.120709	140.438632	18.171702	329.206309	
38192	24.190944	122.411200	29.174488	136.186327	19.282701	331.245660	
43192	24.163225	123.433297	31.431565	132.466509	20.228214	331.722810	
48192	24.218499	124.511145	34.237435	128.940143	21.072798	332.980020	
53192	24.176387	125.725971	36.937902	125.480731	22.074100	334.395091	
58192	24.229556	127.937037	39.256340	121.977586	22.975640	336.376159	
63192	24.183832	128.857560	40.919399	118.675473	23.654673	336.290937	
68192	24.259419	130.535821	43.218440	115.350441	24.561305	337.925426	
73192	24.200030	131.602723	45.100390	112.372846	25.753005	339.028994	
78192	24.181788	132.922650	47.218796	109.716624	26.745902	340.785760	
83192	24.215573	134.968855	50.122360	108.074953	27.676134	345.057875	
88192	24.156333	136.211153	52.133089	105.332037	28.136888	345.969500	
93192	25.840775	142.833739	53.931938	102.996216	28.739578	354.342246	
98192	24.163849	139.086629	56.883818	102.087130	29.682382	351.903808	
103192	24.215964	140.386001	58.441110	98.859882	31.127745	353.030702	
108192	24.195931	143.434967	61.247529	98.629040	32.118431	359.625898	
113192	24.175582	143.171793	63.206126	96.406444	32.861692	359.821637	
118192	24.167929	146.042768	66.227464	96.337730	33.972642	366.748533	
123192	24.158504	146.274137	69.128949	96.695308	34.997235	371.254133	
128192	24.612345	148.639185	71.353915	94.365985	33.445036	372.416466	
133192	24.188785	154.491674	73.777500	94.541905	34.537539	381.537403	
138192	24.153180	158.482589	76.349282	94.879479	35.523398	389.387928	
143192	24.155654	150.554597	77.996552	92.902063	28.282776	373.891642	
148192	24.162908	156.302665	80.711466	93.409349	29.460530	384.046918	
153192	24.188398	157.364193	83.578562	93.975432	30.645666	389.752251	
158192	24.174268	158.647823	86.863906	94.478917	31.826667	395.991581	
163192	24.179180	172.860758	89.597701	95.056851	33.082355	414.776845	
168192	24.167295	153.828072	90.892312	92.560439	26.714469	388.162587	
173192	24.129283	157.824163	93.893749	92.895949	27.397512	396.140656	
178192	24.162735	159.071038	96.786494	93.431754	28.118785	401.570806	
183192	24.162870	168.464987	99.829710	94.110458	28.891563	415.459588	
188192	24.230397	164.312509	102.548395	94.711907	29.604982	415.408190	
193192	24.188653	168.589013	105.331968	95.186793	30.480733	423.777160	
198192	24.184733	200.585438	109.245328	95.844578	31.487779	461.347856	
203192	24.107696	173.787490	108.180680	92.537602	27.211133	425.824601	
208192	24.201313	177.784686	111.109198	93.211603	27.804916	434.111716	
213192	24.144817	187.043123	113.994702	93.638639	28.330294	447.151575	
218192	24.212697	183.125831	116.979882	94.220138	28.891506	447.430054	
223192	24.166098	184.171065	119.900443	94.687294	29.445887	452.370787	
228192	24.211137	190.287126	122.708989	95.282300	30.024766	462.514318	
233192	24.146459	189.502108	125.259728	95.839663	30.627657	465.375615	
238192	25.253525	204.283108	128.242484	96.345970	31.205978	485.331065	
243192	24.588731	203.345532	131.043994	96.995163	31.760938	487.734358	
248192	24.147493	199.521989	133.957598	97.643903	32.523545	487.794528	
253192	24.191120	189.032441	126.034484	92.309478	29.254427	460.821950	
258192	24.417242	197.745116	128.740065	92.740708	29.632294	473.275425	
263192	24.233579	191.211419	131.531703	93.109171	30.196462	470.282334	
268192	24.228872	196.394588	134.348668	93.553627	30.587962	479.113717	
273192	24.158771	192.457103	137.103292	94.006369	31.075001	478.800536	
278192	24.181835	198.984914	139.942389	94.361175	31.563570	489.033883	
283192	24.182336	196.942456	142.784046	94.775394	31.961708	490.645940	
288192	24.107637	196.403499	145.121753	95.148810	32.501664	493.283363	
293192	24.176250	205.740316	148.002128	95.636688	32.978227	506.533609	
298192	24.123581	207.890403	150.800559	95.917647	33.495321	512.227511	
303192	24.103431	213.010772	153.869638	96.145261	33.968198	521.097300	
308192	24.133166	213.224518	155.879155	96.640836	34.477191	524.354866	
313192	24.148516	208.550668	157.937180	96.969748	34.899860	522.505972	
318192	24.134939	210.853302	160.436963	97.310458	35.487651	528.223313	
323192	25.791321	226.882456	163.561743	98.933267	36.205944	551.374731	
328192	24.164423	212.858166	166.437986	98.416806	36.873802	538.751183	
333192	24.177976	216.410193	168.948662	98.926009	37.485635	545.948475	
338192	24.232390	215.943168	157.262385	91.875975	33.359362	522.673280	
343192	24.127734	222.555690	160.153267	92.147127	33.559123	532.542941	
348192	24.194606	216.676770	162.428036	92.544811	33.952638	529.796861	
353192	24.165004	216.637087	165.319714	92.847027	34.439623	533.408455	
358192	24.205861	221.680190	167.951858	93.173926	34.826178	541.838013	
363192	24.161395	217.314515	170.603208	93.481984	35.234748	540.795850	
368192	24.177098	220.494087	172.860982	93.813361	35.695579	547.041107	
373192	24.192117	228.738015	175.466296	93.964425	36.139105	558.499958	
378192	24.164231	234.794622	178.165875	94.423976	36.554598	568.103302	
383192	24.163509	224.382025	181.048424	94.782205	37.002316	561.378479	
388192	25.772969	231.703057	183.072794	96.192620	37.621976	574.363416	
393192	24.165170	228.358313	185.545551	95.169960	38.029677	571.268671	
398192	24.153651	230.881783	188.188086	95.590534	38.423097	577.237151	
403192	24.106025	236.028539	190.558965	95.848108	38.918124	585.459761	
408192	24.144789	238.804753	193.056877	96.097329	39.345969	591.449717	
413192	24.180910	238.334562	195.217983	96.298980	39.941405	593.973840	
418192	24.058340	237.942219	197.628431	96.645160	40.388527	596.662677	
423192	24.433206	238.534668	202.483048	97.248301	40.610845	603.310068	
428192	24.122127	233.215787	202.624516	97.014967	41.441906	598.419303	
433192	24.156327	234.827268	204.535832	97.140366	42.006875	602.666668	
438192	24.111840	236.822357	206.326889	97.363520	42.510465	607.135071	
443192	24.123880	238.224718	208.628459	97.236631	42.964081	611.177769	
448192	24.121208	239.320194	210.200632	97.337801	43.363386	614.343221	
453192	24.089769	240.804407	212.864702	97.572996	44.202556	619.534430	
458192	24.348381	242.347583	215.358633	98.008023	44.855920	624.918540	
463192	24.192956	248.585344	218.133970	98.336040	45.426181	634.674491	
468192	24.129131	249.681258	220.426262	98.665900	46.029436	638.931987	
473192	24.142842	253.267424	223.003367	98.811155	46.659803	645.884591	
478192	24.162777	253.293856	225.422790	99.065044	47.391422	649.335889	
483192	24.208087	250.618248	227.833289	99.000342	47.885697	649.545663	
488192	24.176327	254.828516	229.550909	99.104649	48.617614	656.278015	
493192	24.208507	251.736334	231.486176	99.387909	49.195933	656.014859	
498192	24.190296	262.473384	233.808619	99.443436	49.869741	669.785476	
503192	24.197998	257.733753	184.387675	89.126208	41.046016	596.491650	
508192	24.225963	261.694997	186.509224	89.281368	41.454339	603.165891	
513192	24.325465	258.597767	190.578759	89.981172	41.757163	605.240326	
518192	24.161123	259.548764	190.435686	89.414970	42.272732	605.833275	
523192	24.231171	260.359522	192.449437	89.625819	42.610298	609.276247	
528192	24.166866	262.284045	194.133471	89.580165	43.018769	613.183316	
533192	24.193158	280.347656	195.598603	89.578547	43.397285	633.115249	
538192	24.090525	270.467026	197.412653	89.638808	43.878040	625.487052	
543192	24.144131	268.142228	198.782250	89.760690	44.205733	625.035032	
548192	24.163845	271.908909	200.201878	89.816070	44.551579	630.642281	
553192	24.177607	268.422970	201.258005	89.648217	45.094332	628.601131	
558192	24.086344	269.317941	202.527962	89.584591	45.314783	630.831621	
563192	24.140226	267.917684	203.649852	89.461242	45.382806	630.551810	
568192	24.133742	269.226016	204.669628	89.540688	45.916543	633.486617	
573192	24.162282	268.932724	207.238840	89.754676	46.591841	636.680363	
578192	24.174700	269.769573	209.659490	89.942789	47.180834	640.727386	
583192	24.171789	269.592701	212.314580	90.244551	47.508768	643.832389	
588192	24.165725	270.024484	214.564225	90.433709	48.038648	647.226791	
593192	24.143250	271.372434	216.754824	90.438442	48.422538	651.131488	
598192	24.154934	267.357387	218.056893	90.622166	48.928242	649.119622	
603192	24.189048	268.981436	219.920020	90.516736	49.348294	652.955534	
608192	24.129233	277.775665	222.553572	90.695639	49.809042	664.963151	
613192	24.263241	274.776416	222.783656	90.654878	50.295234	662.773425	
618192	24.207111	268.848655	224.477853	90.779724	50.705929	659.019272	
623192	24.191894	271.492682	226.179352	90.852372	51.114725	663.831025	
628192	24.177058	276.036823	227.933551	90.907006	51.661952	670.716390	
633192	24.167459	274.173884	229.430875	90.886784	52.193170	670.852172	
638192	24.170347	273.522887	231.231690	91.017038	52.663021	672.604983	
643192	24.345309	278.910102	233.154630	92.304674	52.997415	681.712130	
648192	24.201187	280.296956	235.405364	91.058873	53.546732	684.509112	
653192	24.222990	277.544710	236.387448	91.078264	54.094440	683.327852	
658192	24.163648	281.240326	237.165117	91.189243	54.471517	688.229851	
663192	24.166414	279.897358	237.921868	90.862443	55.008270	687.856353	
668192	24.101730	279.345326	238.690036	90.873973	55.317022	688.328087	
673192	24.146352	287.783617	239.066009	90.625273	55.607018	697.228269	
678192	24.165489	281.224388	240.816974	90.848719	56.282976	693.338546	
683192	24.105960	283.345309	243.306980	91.023731	57.075005	698.856985	
688192	24.137802	282.343546	245.645039	91.337769	57.565901	701.030057	
693192	24.180736	283.631888	247.755753	91.339400	58.004150	704.911927	
698192	24.146580	285.637536	249.895684	91.539604	58.444953	709.664357	
703192	24.152132	283.362925	251.650780	91.455874	59.035996	709.657707	
708192	24.166907	284.780180	253.298949	91.565002	59.480988	713.292026	
713192	24.216423	282.316110	254.888886	91.608596	60.010943	713.040958	
718192	24.160287	287.224270	256.271163	91.608019	60.578760	719.842499	
723192	24.195045	284.481309	258.091673	91.529291	60.918301	719.215619	
728192	24.174629	287.320688	259.312001	91.777906	61.700866	724.286090	
733192	24.226315	289.743000	260.473679	91.773757	62.182952	728.399703	
738192	24.144612	288.704974	261.920590	91.803406	62.720113	729.293695	
743192	24.159460	291.023337	263.287907	91.776369	63.262109	733.509182	
748192	24.147040	287.760125	264.825565	91.905816	63.790953	732.429499	
753192	24.150681	296.044942	266.040887	91.838396	64.189771	742.264677	
758192	24.138276	290.948708	266.804624	91.929900	64.841223	738.662731	
763192	24.196774	292.068512	267.364908	91.832175	65.254263	740.716632	
768192	24.567578	298.234234	268.170180	91.679921	65.895891	748.547804	
773192	24.473760	293.223321	269.116714	91.818419	65.807752	744.439966	
778192	24.139909	291.878266	271.814704	91.867881	66.933557	746.634317	
783192	24.177070	297.078981	274.352208	92.033985	67.396825	755.039069	
788192	24.093529	304.087735	276.181664	92.143619	67.875166	764.381713	
793192	24.155003	297.665494	277.893629	92.091740	68.397189	760.203055	
798192	24.087018	303.876734	278.998593	92.159056	68.999151	768.120552	
803192	24.165491	300.223495	280.888805	92.329782	69.537565	767.145138	
808192	24.193910	299.990684	281.904078	92.323512	69.961148	768.373332	
813192	24.206571	302.781108	283.274585	92.310511	70.461247	773.034022	
818192	24.103552	303.365425	284.489666	92.388348	71.009219	775.356210	
823192	24.197747	299.376248	286.204429	92.532006	71.377843	773.688273	
828192	24.152648	297.861340	287.927944	92.430391	72.104302	774.476625	
833192	24.244165	297.215077	289.087645	92.461091	72.650980	775.658958	
838192	24.164620	300.112611	290.332490	92.483997	73.052848	780.146566	
843192	24.148668	301.051820	291.930869	92.739165	73.660200	783.530722	
848192	24.144719	304.534454	292.472816	92.443586	74.170881	787.766456	
853192	24.160533	300.175999	292.530552	92.277818	74.551533	783.696435	
858192	24.429878	299.611166	292.564840	92.105489	74.720285	783.431658	
863192	24.171230	299.652829	294.077712	92.278615	75.347940	785.528326	
868192	24.121276	301.627472	296.532274	92.656191	76.154231	791.091444	
873192	24.166808	302.972648	298.926756	92.655289	76.764872	795.486373	
878192	24.157918	303.168379	300.672494	92.703102	77.173060	797.874953	
883192	24.201407	306.696557	301.954581	92.760126	77.561275	803.173946	
888192	24.176564	304.719201	303.635474	92.794319	78.230824	803.556382	
893192	24.191080	306.228470	304.732931	93.133248	78.827897	807.113626	
898192	27.410959	305.455481	307.499740	93.032821	79.047638	812.446639	
903192	24.159347	308.799076	308.312595	92.782754	79.853414	813.907186	
908192	24.166474	304.855641	309.556825	92.829482	80.348862	811.757284	
913192	24.138985	307.805493	310.469131	92.890178	80.910373	816.214160	
918192	24.114207	306.601937	311.397290	92.781735	81.321101	816.216270	
923192	24.137843	309.259889	312.820120	92.883777	81.800918	820.902547	
928192	24.116285	316.843682	313.164986	92.986202	82.174665	829.285820	
933192	24.177826	309.005252	313.120425	92.812789	82.633043	821.749335	
938192	24.139194	308.393526	313.257809	92.734393	82.809645	821.334567	
943192	24.165313	311.694212	313.868859	92.609507	83.328401	825.666292	
948192	24.115637	309.557134	316.594028	92.912373	84.294916	827.474088	
953192	24.127209	308.946459	318.907444	93.140076	84.809931	829.931119	
958192	24.127799	308.366422	321.089029	93.203955	85.290217	832.077422	
963192	24.219434	309.194697	322.497863	93.185759	85.668295	834.766048	
968192	24.170384	307.859666	324.658292	93.215507	86.135180	836.039029	
973192	24.222003	307.796317	325.538663	93.210013	86.770582	837.537578	
978192	24.223886	310.420983	326.830131	93.248118	87.227783	841.950901	
983192	24.251652	312.290594	327.757346	93.244509	87.579739	845.123840	
988192	24.201893	314.428795	328.832694	93.236176	88.075767	848.775325	
993192	24.228664	326.691282	330.208602	93.426963	89.325863	863.881374	
998192	24.132805	315.052601	331.199696	93.586138	89.396889	853.368129	
1003192	24.117548	309.655014	267.996257	84.675211	62.551192	748.995222	
1008192	24.123911	311.444255	267.626788	84.700913	64.418150	752.314017	
1013192	24.215081	313.555719	267.909762	84.782504	63.139341	753.602407	
1018192	24.201236	314.167565	267.246065	84.480600	62.921071	753.016537	
1023192	24.188129	312.175588	267.035808	84.582272	63.259774	751.241571	
1028192	24.290693	312.055764	272.930783	86.217922	63.937427	759.432589	
1033192	24.190663	311.393707	270.908987	85.295480	64.278201	756.067038	
1038192	24.185631	311.200799	273.629352	85.223385	64.175040	758.414207	
1043192	24.177441	309.711752	276.031332	85.515740	64.785100	760.221365	
1048192	24.158440	308.891253	277.699786	85.409343	64.952525	761.111347	
1053192	24.156103	312.206639	278.656593	85.698458	65.250587	765.968380	
1058192	24.214992	310.358035	280.082491	85.799834	65.588875	766.044227	
1063192	24.158185	308.240218	280.881701	85.840438	65.769607	764.890149	
1068192	24.162122	310.502350	282.164356	85.888935	66.148711	768.866474	
1073192	24.212649	310.117931	283.167700	86.033970	66.324566	769.856816	
1078192	24.178181	311.671020	283.721791	86.058196	66.700367	772.329555	
1083192	24.171113	311.429193	284.495706	86.130489	66.973491	773.199992	
1088192	24.172468	312.889946	284.451507	86.248076	67.126347	774.888344	
1093192	24.130153	311.028335	284.044745	86.273309	67.514533	772.991075	
1098192	24.087962	311.491065	283.284037	86.093289	67.631652	772.588005	
1103192	24.083912	313.529481	283.114507	86.057849	67.547655	774.333404	
1108192	24.122210	312.788067	285.135963	86.349685	68.270468	776.666393	
1113192	24.115429	315.281947	287.311722	86.698998	68.609645	782.017741	
1118192	24.150650	314.135817	289.635860	86.839124	68.843009	783.604460	
1123192	24.572801	315.424175	291.308216	87.046618	70.175031	788.526841	
1128192	24.197417	316.625432	292.097226	86.972765	69.650525	789.543365	
1133192	24.157923	317.895287	292.719462	87.179009	69.807926	791.759607	
1138192	24.198984	316.680952	292.652339	87.158876	70.323981	791.015132	
1143192	24.154419	317.741519	294.431006	87.321656	70.426194	794.074794	
1148192	24.218306	316.433049	296.168164	87.531449	70.801777	795.152745	
1153192	24.139798	316.597271	298.158638	87.520968	70.909111	797.325786	
1158192	24.214959	315.651930	299.687675	87.432311	71.290432	798.277307	
1163192	24.129330	320.519301	300.572658	87.595098	71.582243	804.398630	
1168192	24.162236	318.616123	300.793286	87.707028	71.900222	803.178895	
1173192	24.142806	321.751681	299.879090	87.700922	72.154840	805.629339	
1178192	24.173005	320.888922	299.467473	87.514707	72.075914	804.120021	
1183192	24.181331	316.830351	299.361326	87.503193	72.082148	799.958349	
1188192	24.149363	322.934828	302.933567	88.617435	73.084146	811.719339	
1193192	24.132711	324.274940	304.211543	88.238626	73.386407	814.244227	
1198192	24.137189	328.132748	306.635576	88.289412	73.378889	820.573814	
1203192	24.219812	323.026046	307.754646	88.502754	73.904990	817.408248	
1208192	24.164456	325.997914	308.525744	88.438157	74.181767	821.308038	
1213192	24.190030	324.376238	309.360182	88.626483	74.591156	821.144089	
1218192	24.363505	322.233031	312.375117	88.764829	75.110868	822.847350	
1223192	24.197208	319.296130	311.416931	88.812793	75.189637	818.912699	
1228192	24.233567	325.430418	312.341706	88.676639	75.381831	826.064161	
1233192	24.165674	322.161403	312.636812	89.050142	75.604358	823.618389	
1238192	24.184911	321.514978	312.963551	88.900463	76.000702	823.564605	
1243192	24.150960	321.956853	312.335208	89.003572	76.330442	823.777035	
1248192	24.232285	324.707629	312.197580	89.035653	76.623711	826.796858	
1253192	24.223951	321.304206	312.222295	88.992061	76.394345	823.136858	
1258192	24.214061	326.416662	313.501238	88.845618	76.930564	829.908143	
1263192	24.170483	324.607835	316.631072	89.274093	77.577573	832.261056	
1268192	24.217238	323.527307	319.729005	89.289136	77.745725	834.508411	
1273192	24.131183	325.450387	322.157692	89.684814	78.046623	839.470699	
1278192	24.192072	325.571146	323.356700	89.558149	78.448979	841.127046	
1283192	24.153330	325.247292	324.755574	89.759909	78.861785	842.777890	
1288192	24.542388	329.061483	325.484549	89.934797	78.996654	848.019871	
1293192	24.170581	323.831892	325.858980	89.902582	79.504465	843.268500	
1298192	24.161920	325.748912	326.806801	89.907928	79.797474	846.423035	
1303192	24.188784	323.940054	327.251037	90.080538	79.975625	845.436038	
1308192	24.133945	325.740059	328.247101	90.075139	80.274982	848.471226	
1313192	24.846922	325.836090	328.037832	90.188564	80.566381	849.475789	
1318192	24.214069	325.114539	327.357542	90.268764	80.947590	847.902504	
1323192	24.068193	326.761158	326.299269	90.141901	80.858111	848.128632	
1328192	24.153831	327.421920	326.272155	89.899274	80.986708	848.733888	
1333192	24.150436	327.357712	329.148792	90.390552	81.918690	852.966182	
1338192	24.199856	326.855150	329.343132	90.762667	82.305199	853.466004	
1343192	24.234187	326.494923	332.826317	90.760213	82.395545	856.711185	
1348192	24.146918	328.124756	333.717983	90.855927	82.701887	859.547471	
1353192	24.236909	324.551319	334.122293	90.906882	83.286569	857.103972	
1358192	24.183373	327.891929	335.691061	90.941532	83.344628	862.052523	
1363192	24.167328	325.325665	336.433330	91.027183	83.775370	860.728876	
1368192	24.241353	331.136363	336.651716	91.160711	83.940303	867.130446	
1373192	24.181037	331.369326	338.869498	91.108977	84.164545	869.693383	
1378192	24.177947	332.194567	339.060782	91.203862	84.714516	871.351674	
1383192	24.151386	330.826711	338.416881	91.215755	84.870844	869.481577	
1388192	24.127126	329.576614	339.149958	91.279294	85.155712	869.288704	
1393192	24.153763	328.598231	337.125687	90.968012	84.979455	865.825148	
1398192	24.134996	329.161083	337.905128	91.187483	85.376837	867.765527	
1403192	24.145202	327.230293	341.366095	91.454715	86.158205	870.354510	
1408192	24.157965	329.298507	342.966203	91.684110	86.665785	874.772570	
1413192	24.138079	329.560158	345.323333	91.683508	86.966390	877.671468	
1418192	24.358911	328.976291	347.878054	91.784063	87.282383	880.279702	
1423192	24.205454	331.811383	346.748767	91.837005	87.514933	882.117542	
1428192	24.184935	330.198157	347.594223	92.012436	88.010221	881.999972	
1433192	24.216413	330.609105	349.588814	92.074356	88.346648	884.835336	
1438192	24.206925	331.449437	349.612605	92.063368	88.691051	886.023386	
1443192	24.246271	330.148989	350.526764	92.155212	89.092855	886.170091	
1448192	24.156711	327.466239	352.717671	92.326222	89.409541	886.076384	
1453192	24.216732	329.909972	351.076127	92.346538	89.745412	887.294781	
1458192	24.126181	330.246652	349.484404	92.269268	89.557234	885.683739	
1463192	24.123421	330.814731	349.568452	92.030704	89.705224	886.242532	
1468192	24.092662	327.541830	351.537876	92.434347	90.414235	886.020950	
1473192	24.118373	330.538878	354.919775	92.503900	90.811419	892.892345	
1478192	24.141263	330.211309	357.436807	92.707865	91.226596	895.723840	
1483192	24.169214	330.978859	357.321761	92.744219	91.554803	896.768856	
1488192	24.205303	332.034252	358.996708	92.933187	91.837785	900.007235	
1493192	24.581976	330.948138	360.470395	93.114517	92.394414	901.509440	
1498192	24.155384	333.093004	359.902478	93.026443	92.677365	902.854674	
