main2_Seq, time [ms], size=5000000	step=25000
1	97.040231	26.551882	23.242925	500.468061	10.430640	657.733739	
2	96.861647	28.616631	22.328577	482.234150	10.124489	640.165494	
4	96.835007	30.366351	19.879399	456.011708	9.867709	612.960174	
8	96.717949	34.301835	17.713038	435.969678	10.299366	595.001866	
16	96.831136	39.581551	21.559677	415.137881	10.316309	583.426554	
32	96.625417	47.924744	28.279883	393.090878	9.996764	575.917686	
64	96.402795	52.965974	28.312162	373.408866	10.215544	561.305341	
128	96.767319	68.793383	28.508375	352.589117	10.212109	556.870303	
256	96.691261	57.804264	29.094726	331.166055	10.164428	524.920734	
512	96.660219	67.025769	27.984517	309.257763	10.348991	511.277259	
1024	96.913257	91.189510	28.658036	286.314815	10.222570	513.298188	
2048	97.132114	134.797223	29.095465	264.484644	10.421038	535.930484	
4096	97.142693	174.555014	30.201774	246.501108	10.898416	559.299005	
8192	96.879030	192.449582	24.481570	222.970211	11.859062	548.639455	
16384	96.819634	192.109073	14.715889	200.760597	12.875867	517.281060	
32768	96.879279	227.203735	18.521951	181.487667	13.414426	537.507058	
57768	97.041911	269.144428	19.927626	160.484853	13.238455	559.837273	
82768	96.887245	289.172271	19.918049	148.428826	13.134643	567.541034	
107768	96.959690	231.677962	19.169424	138.414190	13.312722	499.533988	
132768	96.940113	285.219330	19.374944	130.507775	13.292819	545.334981	
157768	96.885768	400.689231	20.957267	124.173744	14.029377	656.735387	
182768	96.714093	432.397232	21.384717	118.983188	14.063897	683.543127	
207768	96.740987	391.052228	22.008282	115.884323	14.323429	640.009249	
232768	96.980067	578.834257	24.591967	110.509668	14.193175	825.109134	
257768	97.021601	494.953951	24.268591	106.432686	15.039313	737.716142	
282768	96.931914	489.579021	26.284351	101.430652	14.400455	728.626393	
307768	96.943557	531.905139	25.627230	97.679752	15.751396	767.907074	
332768	96.905169	573.221608	28.015801	93.255343	16.212865	807.610786	
357768	96.942317	588.539836	31.314739	88.065830	15.056809	819.919531	
382768	96.799448	591.524356	30.411446	84.992472	15.480988	819.208710	
407768	96.909310	617.050690	30.934078	83.935929	17.394328	846.224335	
432768	96.871970	652.637819	36.892891	82.483424	18.224798	887.110902	
457768	97.020832	668.090287	37.329571	78.430813	16.260166	897.131669	
482768	96.732187	667.126909	35.582020	76.947152	16.395730	892.783998	
507768	96.905375	687.750752	45.401701	75.543999	16.570221	922.172048	
532768	96.879525	668.399313	41.816642	74.602950	16.792585	898.491015	
557768	96.946411	691.481054	46.681304	73.897113	17.506170	926.512052	
582768	96.648326	700.949137	43.390293	73.203381	17.755090	931.946227	
607768	96.996391	712.395548	41.632809	72.644521	18.239687	941.908956	
632768	96.854548	719.180919	61.844555	72.268197	18.315828	968.464047	
657768	96.934737	725.785939	58.118213	71.729729	18.644072	971.212690	
682768	96.977431	736.052978	53.170912	71.247200	18.779529	976.228050	
707768	96.993963	716.846078	51.485147	70.872009	19.390719	955.587916	
732768	96.893936	737.984559	67.991769	70.154906	19.064445	992.089615	
757768	97.002614	744.537103	63.763723	69.795140	19.361802	994.460382	
782768	96.885917	750.151683	58.750564	69.421334	19.683868	994.893366	
807768	96.920851	730.390354	57.134809	69.222922	20.156436	973.825372	
832768	96.745677	736.973339	55.408543	68.995973	20.506096	978.629628	
857768	96.843723	774.467122	100.343192	68.802105	20.363345	1060.819487	
882768	96.865483	779.804792	96.738444	68.685629	20.701071	1062.795419	
907768	97.015600	760.712222	93.087511	68.455583	21.063555	1040.334471	
932768	96.856039	767.496175	87.777859	68.320909	21.533533	1041.984515	
957768	96.820648	773.004167	83.862277	68.337992	21.828768	1043.853852	
982768	96.711831	755.089665	82.629643	68.064687	22.132754	1024.628580	
1007768	96.818177	799.772109	109.493767	68.783132	23.159421	1098.026606	
1032768	97.027473	803.210473	106.710703	68.427352	23.395402	1098.771403	
1057768	96.959950	787.773550	104.236792	68.296040	23.606906	1080.873238	
1082768	96.897670	791.743467	101.742787	68.401562	23.952025	1082.737511	
1107768	96.957192	798.920185	98.954337	68.438896	24.120072	1087.390682	
1132768	98.099335	811.284464	95.831919	68.352151	24.476064	1098.043933	
1157768	96.985480	789.159489	91.003785	68.411595	25.040788	1070.601137	
1182768	97.105621	792.858430	87.102875	68.398590	25.342808	1070.808324	
1207768	96.955742	809.866030	87.247190	68.465324	25.656520	1088.190806	
1232768	97.142784	785.405032	86.040940	68.355814	26.176567	1063.121137	
1257768	96.951183	897.812225	170.396170	68.733022	26.063330	1259.955930	
1282768	97.023572	899.955759	169.061626	68.795131	26.459628	1261.295716	
1307768	96.977119	884.793180	167.202357	68.726102	26.712733	1244.411491	
1332768	96.845723	889.598634	165.816453	68.917318	27.068406	1248.246534	
1357768	96.893114	891.672198	163.360983	68.910836	27.574240	1248.411371	
1382768	96.916975	877.113811	162.438963	69.017117	27.811207	1233.298073	
1407768	97.043902	883.124319	160.237497	69.068052	28.227414	1237.701184	
1432768	97.034928	867.270682	157.915410	69.013354	28.476501	1219.710875	
1457768	96.912596	868.459845	156.513346	69.387214	28.858946	1220.131947	
1482768	96.912081	872.404427	154.917571	69.492548	29.160742	1222.887369	
1507768	97.164858	874.263980	152.283446	69.529644	29.517256	1222.759184	
1532768	96.928540	875.860315	149.432666	69.577383	29.810650	1221.609554	
1557768	97.029502	865.162273	147.291695	69.783931	30.238053	1209.505454	
1582768	97.009927	867.780945	144.927469	69.892010	30.572572	1210.182923	
1607768	96.992596	856.454511	142.050020	69.942485	30.843380	1196.282992	
1632768	97.028374	867.092522	140.587086	70.107964	31.143536	1205.959482	
1657768	96.999363	846.689986	139.261444	70.240350	31.370961	1184.562104	
1682768	97.025660	885.509917	212.070602	69.828384	31.048544	1295.483107	
1707768	96.951864	893.357312	210.925681	70.160305	31.293531	1302.688693	
1732768	97.176234	881.757459	210.569167	70.218121	31.672542	1291.393523	
1757768	97.115984	883.119085	208.508296	70.240215	31.944416	1290.927996	
1782768	97.081859	887.613438	206.914917	70.431220	32.062040	1294.103474	
1807768	96.949510	889.044874	205.564166	70.487734	32.508319	1294.554603	
1832768	97.034918	878.626757	204.330509	71.009447	32.950870	1283.952501	
1857768	96.874690	881.696357	203.195112	71.238222	33.385533	1286.389914	
1882768	97.036867	884.163310	200.485267	71.303070	33.684994	1286.673508	
1907768	97.054497	873.569628	201.090647	71.501427	34.017134	1277.233333	
1932768	97.018307	876.239404	200.445999	71.791636	34.375961	1279.871307	
1957768	96.802059	904.706180	196.839406	71.816224	34.619526	1304.783395	
1982768	97.091906	881.296636	197.998233	72.186205	35.042901	1283.615881	
2007768	96.970896	872.861521	196.708777	72.745232	35.362561	1274.648987	
2032768	96.962859	877.403582	192.134298	72.564005	35.631845	1274.696589	
2057768	96.847057	893.071066	195.276731	72.587325	35.965222	1293.747401	
2082768	96.873293	881.361118	193.455779	72.528099	36.130772	1280.349061	
2107768	96.842730	871.725907	189.045719	72.938915	36.578460	1267.131731	
2132768	97.127197	873.840661	190.820307	73.198945	36.916109	1271.903219	
2157768	96.981544	878.957773	190.351113	73.293141	37.148824	1276.732395	
2182768	96.986020	868.303254	188.211740	73.319377	37.154033	1263.974424	
2207768	96.950282	872.120248	187.852265	73.533503	37.807881	1268.264179	
2232768	97.028082	876.911773	187.151837	73.929369	38.112747	1273.133808	
2257768	97.077533	864.249409	186.281811	74.216926	38.601798	1260.427477	
2282768	96.878830	868.341561	184.329484	74.388157	38.836951	1262.774983	
2307768	96.873134	870.995936	185.250737	74.638861	39.219963	1266.978631	
2332768	96.986204	872.052485	182.998039	74.821092	39.383338	1266.241158	
2357768	96.863502	862.349481	178.995587	74.873399	39.598523	1252.680492	
2382768	96.852075	866.238837	182.674485	75.179762	40.206427	1261.151586	
2407768	97.013113	867.821467	180.448224	75.298754	40.424364	1261.005922	
2432768	96.964515	858.449620	176.212534	75.637835	40.757484	1248.021988	
2457768	96.971846	862.596703	178.788816	75.924354	41.081470	1255.363189	
2482768	96.953041	875.039394	177.878869	76.085133	41.352229	1267.308666	
2507768	96.835290	1207.060692	432.722955	76.316361	41.725437	1854.660735	
2532768	97.072083	1203.079198	433.717797	76.657682	42.049645	1852.576405	
2557768	96.841621	1187.343554	436.775026	76.797601	42.110320	1839.868122	
2582768	97.044296	1187.707788	439.040417	77.000171	42.597145	1843.389817	
2607768	96.855376	1174.876457	438.255044	77.275535	42.982791	1830.245203	
2632768	96.950097	1193.666387	440.711786	77.446726	43.366911	1852.141907	
2657768	96.957583	1188.411422	440.555065	77.926583	43.727177	1847.577830	
2682768	97.002223	1196.407069	440.245659	78.108357	44.145794	1855.909102	
2707768	96.922847	1180.400261	442.805755	78.375735	44.379614	1842.884212	
2732768	96.972946	1181.967882	443.271119	78.705808	44.702261	1845.620016	
2757768	97.048771	1194.202048	435.833798	78.717878	45.048970	1850.851465	
2782768	97.097346	1170.609996	443.666298	79.077733	45.294820	1835.746193	
2807768	96.993957	1178.128775	445.127052	79.279268	45.663029	1845.192081	
2832768	97.000644	1177.810256	451.150720	79.378179	45.886618	1851.226417	
2857768	96.884956	1178.389026	446.601649	79.745479	46.330174	1847.951284	
2882768	97.004640	1168.579750	445.354960	80.039830	46.603964	1837.583144	
2907768	97.009337	1172.509172	446.693107	80.373176	46.864913	1843.449705	
2932768	97.089874	1191.147259	447.126882	80.488577	47.143262	1862.995854	
2957768	97.377062	1186.642637	447.033207	80.597789	47.154526	1858.805221	
2982768	96.739669	1190.495780	447.118116	81.013699	47.565135	1862.932399	
3007768	96.929147	1191.891407	447.206423	81.232393	48.084081	1865.343451	
3032768	96.932016	1191.480518	445.927844	81.465660	48.320597	1864.126635	
3057768	96.978009	1191.852497	448.381898	81.859201	48.864501	1867.936106	
3082768	96.935076	1196.752384	447.778168	82.239245	49.118917	1872.823790	
3107768	97.108018	1210.527075	453.822798	82.320490	49.496127	1893.274508	
3132768	96.765062	1201.706552	449.312721	82.982481	49.923091	1880.689907	
3157768	96.881033	1194.434904	445.232709	82.500797	50.062063	1869.111506	
3182768	96.959906	1208.086698	449.493659	83.175304	50.294829	1888.010396	
3207768	96.754083	1190.850929	446.529183	83.296613	50.602223	1868.033031	
3232768	96.748016	1196.481788	445.601436	83.268785	50.895202	1872.995227	
3257768	96.864533	1189.384866	447.132182	83.687815	51.308273	1868.377669	
3282768	96.850876	1201.038163	446.448181	84.105311	51.686654	1880.129185	
3307768	96.946495	1201.518303	446.607159	84.159699	51.838427	1881.070083	
3332768	96.948667	1204.571828	448.052031	84.509599	52.043668	1886.125793	
3357768	96.899853	1205.241056	446.827805	84.525235	52.013541	1885.507490	
3382768	96.950050	1208.320607	448.391228	84.957805	52.349935	1890.969625	
3407768	96.845700	1206.850830	448.405029	85.208414	53.075328	1890.385301	
3432768	96.856346	1198.730419	447.005268	85.725904	53.456201	1881.774138	
3457768	96.919244	1210.072600	448.160799	85.812005	53.835044	1894.799692	
3482768	97.105086	1197.268700	447.186116	86.173004	54.154056	1881.886962	
3507768	96.962118	1200.159490	447.036867	86.407567	54.398191	1884.964233	
3532768	96.846978	1213.181878	449.170008	86.560877	54.635800	1900.395541	
3557768	96.721990	1213.078153	448.717471	86.687781	54.919723	1900.125118	
3582768	96.776127	1206.882753	449.593859	87.227508	55.345696	1895.825943	
3607768	97.721599	1214.105279	451.358250	87.217403	56.015789	1906.418320	
3632768	96.912801	1207.731897	448.182004	87.709424	56.036163	1896.572289	
3657768	96.789101	1205.326497	449.366058	87.901328	56.205543	1895.588527	
3682768	96.957435	1207.971364	448.802598	88.185747	56.570605	1898.487749	
3707768	96.792970	1208.637133	447.337189	88.292933	56.744192	1897.804417	
3732768	96.844749	1209.747960	449.497443	88.560606	56.999460	1901.650218	
3757768	96.863766	1209.786960	447.902195	88.847018	57.029178	1900.429117	
3782768	96.869516	1210.868908	448.345056	88.849098	57.187095	1902.119673	
3807768	97.211891	1207.910915	447.128413	89.373597	58.033857	1899.658673	
3832768	96.878322	1207.563498	446.406797	89.823579	58.323000	1898.995196	
3857768	96.999876	1209.781331	447.432960	89.923558	58.646717	1902.784442	
3882768	96.732497	1209.479828	446.352807	90.329617	59.265703	1902.160452	
3907768	96.850424	1210.725101	446.945794	90.459974	59.282094	1904.263387	
3932768	96.902647	1211.011563	447.200080	90.781281	59.542051	1905.437622	
3957768	96.734731	1209.547570	444.350493	90.685574	59.777731	1901.096099	
3982768	97.006765	1212.913205	447.002239	91.301589	60.075360	1908.299158	
4007768	97.147744	1215.029532	447.892793	91.688884	60.593496	1912.352449	
4032768	96.988123	1218.508961	444.138877	91.901700	60.740326	1912.277987	
4057768	96.941440	1212.959898	449.031895	92.080390	61.164333	1912.177956	
4082768	96.887475	1214.006712	445.626278	92.528614	61.455777	1910.504856	
4107768	96.961524	1210.259267	442.805334	92.610580	61.639960	1904.276665	
4132768	96.733827	1207.649634	447.979107	92.487182	61.716373	1906.566123	
4157768	96.844035	1211.629374	444.478778	92.888880	61.577940	1907.419007	
4182768	96.984954	1208.357150	444.341648	93.301298	61.878789	1904.863839	
4207768	96.949509	1210.780408	444.579994	93.585664	62.837676	1908.733251	
4232768	96.864827	1210.605031	444.425373	94.044118	63.202454	1909.141803	
4257768	96.824725	1215.393203	444.842820	94.346588	63.576046	1914.983382	
4282768	96.972748	1212.901259	443.157923	94.385829	63.482820	1910.900579	
4307768	96.715122	1211.713372	443.210485	94.654307	63.976480	1910.269766	
4332768	96.921802	1231.114192	439.645427	95.083426	64.360598	1927.125445	
4357768	96.952226	1213.689585	441.288688	95.136582	64.788198	1911.855279	
4382768	96.943433	1216.796156	445.731835	95.497570	64.628135	1919.597129	
4407768	96.809291	1224.166801	439.767848	95.915085	65.435242	1922.094267	
4432768	96.771547	1235.455812	440.556511	96.008504	65.292435	1934.084809	
4457768	96.840039	1212.523146	445.301482	97.555921	66.150643	1918.371231	
4482768	96.862643	1217.392626	443.547367	96.535477	66.146486	1920.484599	
4507768	96.898236	1219.394156	441.711277	96.764078	66.169421	1920.937168	
4532768	96.880495	1217.590529	446.168567	96.964046	66.338890	1923.942527	
4557768	96.946043	1219.209282	443.627723	97.287667	66.314512	1923.385227	
4582768	96.630763	1220.396265	442.645810	97.664792	66.731718	1924.069348	
4607768	96.892921	1223.039723	444.307310	98.004997	67.340332	1929.585283	
4632768	96.939083	1220.746439	443.684818	98.381171	68.099471	1927.850982	
4657768	96.821690	1219.179162	444.209536	98.784621	68.377082	1927.372091	
4682768	97.057853	1220.947889	441.946848	98.755704	68.330221	1927.038515	
4707768	96.893690	1221.479763	444.292800	99.215658	68.614658	1930.496569	
4732768	96.761101	1220.815137	444.422073	99.505854	68.907502	1930.411667	
4757768	97.074442	1221.517204	440.963650	99.683559	69.027661	1928.266516	
4782768	96.846777	1222.130917	445.819337	100.090603	69.502336	1934.389970	
4807768	96.793603	1221.712020	444.790880	100.460851	70.048858	1933.806212	
4832768	96.878048	1221.744938	440.716402	100.639147	70.151115	1930.129650	
4857768	96.983126	1223.248728	446.195385	100.839016	70.647403	1937.913658	
4882768	96.833402	1222.944956	447.667348	101.189059	71.102532	1939.737297	
4907768	96.700487	1221.873735	441.243010	101.536570	70.979922	1932.333724	
4932768	96.848229	1222.843321	445.497857	101.600012	70.749997	1937.539416	
4957768	96.854072	1224.098521	444.651562	102.034072	71.192611	1938.830838	
4982768	96.956724	1222.021828	442.924914	102.539132	71.258033	1935.700631	
