main2_Seq, time [ms], size=1000000	step=5000
1	38.683992	49.411491	4.316671	440.333514	11.818452	544.564120	
2	38.980154	49.818151	4.181931	416.877466	11.976550	521.834252	
4	37.042259	52.095108	4.614117	397.577256	11.789176	503.117916	
8	38.909431	53.802270	6.068959	377.209263	11.930662	487.920585	
16	38.790321	54.381310	6.683012	356.236285	11.838913	467.929841	
32	38.915645	54.174334	5.430283	334.994073	11.916914	445.431249	
64	38.741675	55.144768	5.776098	313.455068	11.912238	425.029847	
128	38.428335	56.656620	5.487376	292.966568	11.929842	405.468741	
256	37.346135	58.270809	5.662038	273.136948	11.880382	386.296312	
512	38.681695	63.506713	6.009714	253.518129	12.127328	373.843579	
1024	38.727040	72.866026	6.409594	234.253891	12.220219	364.476770	
2048	38.787584	90.687401	7.474325	213.237297	12.341081	362.527688	
4096	38.769331	103.916004	8.957295	194.376540	12.415774	358.434944	
8192	38.772797	113.390300	12.154004	176.836087	13.421161	354.574349	
13192	38.753068	118.157968	15.631602	165.749404	14.564390	352.856432	
18192	38.839035	114.641374	14.184799	155.643861	15.397389	338.706458	
23192	38.792319	116.982485	18.141560	150.794388	16.599948	341.310700	
28192	38.764683	118.901181	21.445440	145.338392	17.145343	341.595039	
33192	38.691851	121.013699	24.470630	140.302605	18.296689	342.775474	
38192	38.706353	123.016082	28.007374	136.531377	19.258322	345.519508	
43192	38.772846	124.475056	30.780579	132.945094	20.198292	347.171867	
48192	38.773332	125.016970	33.799516	129.654477	20.959236	348.203531	
53192	38.832527	126.596177	36.580800	126.357351	21.933835	350.300690	
58192	38.806808	128.455532	38.930252	122.739819	22.845621	351.778032	
63192	38.810459	129.355596	40.582372	119.337707	23.464287	351.550421	
68192	38.725574	130.577109	42.819256	116.281068	24.353113	352.756120	
73192	38.728576	132.322149	44.854561	113.243006	25.527750	354.676042	
78192	38.989492	133.474000	47.106706	110.576683	26.557976	356.704857	
83192	38.695547	135.982844	49.839411	108.860152	27.510506	360.888460	
88192	38.888689	137.292453	51.696955	106.113574	27.961241	361.952912	
93192	38.877565	138.099900	53.527110	103.507464	28.538901	362.550940	
98192	38.598758	139.672255	56.380130	102.644570	29.475659	366.771372	
103192	38.827113	139.913857	58.196043	99.495912	30.953871	367.386796	
108192	38.751143	141.759828	61.221542	99.114525	31.860038	372.707076	
113192	38.728905	145.093448	63.186020	96.815235	32.724141	376.547749	
118192	38.762246	149.599963	66.078351	96.685319	33.781901	384.907780	
123192	38.941091	148.356600	68.838872	96.920576	34.779883	387.837022	
128192	38.895844	150.210853	71.101336	94.714197	33.244958	388.167188	
133192	38.715430	152.097092	73.898581	94.756233	34.376676	393.844012	
138192	38.808046	152.975031	76.680851	94.886991	35.488263	398.839182	
143192	38.823067	143.649380	78.529849	93.150769	28.226979	382.380044	
148192	38.843929	153.306542	81.359132	93.393719	29.429250	396.332572	
153192	38.706084	152.197490	84.409034	93.741821	30.531786	399.586215	
158192	38.715696	154.380197	87.422242	94.178500	31.660898	406.357533	
163192	38.960374	156.081924	90.055386	94.549609	32.841818	412.489111	
168192	38.853328	154.736286	91.680334	92.795596	26.522113	404.587657	
173192	38.859294	162.518813	94.208545	92.571359	27.204608	415.362619	
178192	38.845621	164.481360	97.166849	93.043726	27.909875	421.447431	
183192	38.931959	163.690362	99.970412	93.477236	28.635888	424.705857	
188192	38.786744	168.889332	103.128401	93.874559	29.315449	433.994485	
193192	38.669519	170.751317	105.939414	94.352249	30.141178	439.853677	
198192	38.793095	170.088699	108.636816	94.971246	31.003091	443.492947	
203192	38.664486	175.443248	108.699776	92.514660	27.021268	442.343438	
208192	38.743309	176.371577	111.404122	92.933186	27.582081	447.034275	
213192	38.891773	173.029181	114.009903	93.550039	28.105055	447.585951	
218192	38.611723	180.314519	117.061060	94.111792	28.628559	458.727653	
223192	38.805232	180.915381	119.796211	94.583995	29.228074	463.328893	
228192	38.726514	181.534267	122.835715	95.225910	29.813828	468.136234	
233192	38.762849	182.808460	125.431639	95.702138	30.389353	473.094439	
238192	38.772984	183.641176	128.468912	96.375358	31.040897	478.299327	
243192	38.790316	187.253949	131.035159	96.829008	31.674770	485.583202	
248192	38.833070	190.390161	133.745529	97.607521	32.268218	492.844499	
253192	38.776273	188.558483	124.931396	93.514978	28.942309	474.723439	
258192	38.797019	190.532443	127.549256	93.587140	29.279660	479.745518	
263192	38.679635	195.214673	130.153030	94.069463	29.770518	487.887319	
268192	38.787912	196.683860	133.058716	94.655860	30.243817	493.430165	
273192	38.837129	200.009512	135.881961	95.354703	30.860644	500.943949	
278192	38.759108	199.812928	138.907984	96.121112	31.278988	504.880120	
283192	38.776548	196.803225	141.541350	96.721780	31.839161	505.682064	
288192	38.832620	200.401449	144.246286	97.468277	32.303160	513.251792	
293192	38.824090	204.245038	147.193797	97.947894	32.778761	520.989580	
298192	38.840668	204.852056	149.723600	98.712224	33.327164	525.455712	
303192	38.680237	205.515462	152.527845	99.159143	33.846740	529.729427	
308192	38.742297	209.473842	155.105882	99.913183	34.326567	537.561771	
313192	38.868937	203.867567	157.639657	100.545713	34.931884	535.853758	
318192	38.889278	207.998015	160.373286	101.210231	35.449906	543.920716	
323192	38.718628	211.420944	163.090394	101.882431	36.038635	551.151032	
328192	38.735902	214.996905	165.817720	102.462057	36.737801	558.750385	
333192	38.818783	209.402109	167.921414	103.231050	37.283160	556.656516	
338192	38.725668	212.418129	156.798620	97.440184	33.168072	538.550673	
343192	38.829878	215.048908	159.607842	97.924015	33.540474	544.951117	
348192	38.678185	213.013039	162.147979	98.651109	33.878159	546.368471	
353192	38.754257	222.339892	164.848071	99.075212	34.371402	559.388834	
358192	38.714522	219.659268	168.992260	100.148219	35.048875	562.563144	
363192	38.716760	248.885482	169.776927	99.926435	35.179381	592.484985	
368192	38.684654	228.025754	172.065407	100.407187	35.642637	574.825639	
373192	38.734762	227.973342	174.600092	100.923943	35.954392	578.186531	
378192	38.650848	232.179078	177.019393	101.450347	36.522129	585.821795	
383192	38.815972	232.178846	180.048417	101.731118	36.930097	589.704450	
388192	38.897230	235.934875	181.920678	102.290391	37.473756	596.516930	
393192	38.499332	242.202802	184.346961	102.845270	38.194624	606.088989	
398192	38.702303	242.463658	186.796376	103.125172	38.300130	609.387639	
403192	38.794392	238.542721	188.994122	103.691170	38.882767	608.905172	
408192	38.658857	231.892237	192.292037	104.445586	39.586612	606.875329	
413192	38.792516	233.405888	194.230493	105.223905	40.257255	611.910057	
418192	38.763897	233.406380	197.225481	106.053893	40.730790	616.180441	
423192	38.847396	233.784266	199.836471	106.713092	41.157843	620.339068	
428192	38.651553	235.224531	202.677212	107.231870	41.753030	625.538196	
433192	38.786577	236.677490	204.673809	107.936452	42.379407	630.453735	
438192	38.727322	240.528848	206.949730	108.491233	42.924823	637.621956	
443192	38.612158	242.402139	209.521128	108.991023	43.590676	643.117124	
448192	38.764895	253.337269	211.711096	109.609342	44.056086	657.478688	
453192	38.821020	246.953562	214.086169	110.177542	44.807458	654.845751	
458192	38.785119	263.806328	216.121236	110.840173	45.341651	674.894507	
463192	38.786690	247.724061	218.470034	111.167450	45.939133	662.087368	
468192	38.788366	250.164158	220.742093	111.841612	46.611296	668.147525	
473192	38.920891	250.255332	222.926157	112.340827	47.199010	671.642217	
478192	38.709386	251.954359	225.557441	113.015702	47.992192	677.229080	
483192	38.799543	255.458843	227.466286	113.329409	48.667119	683.721200	
488192	38.782391	252.504027	229.290177	113.774130	49.255808	683.606533	
493192	38.804129	257.469761	231.124410	114.543769	49.955367	691.897436	
498192	38.798467	250.290386	233.670720	114.908729	50.658541	688.326843	
503192	38.788732	251.542022	184.401652	106.477672	41.340980	622.551058	
508192	38.843499	252.992333	185.559672	106.448525	41.633009	625.477038	
513192	38.913995	254.742679	186.874679	106.699783	41.920181	629.151317	
518192	38.800212	256.037929	188.094181	107.016261	42.175110	632.123693	
523192	38.717217	256.432052	190.379105	107.716709	42.754889	635.999972	
528192	38.762578	256.537876	192.695885	108.356273	43.182403	639.535015	
533192	38.727662	259.059000	194.803665	109.052857	43.698590	645.341774	
538192	38.753845	262.288506	196.977610	109.621425	44.141177	651.782563	
543192	38.672266	259.899334	199.230654	110.308488	44.478356	652.589098	
548192	38.692913	266.607816	201.075787	111.331008	44.901603	662.609127	
553192	39.205713	253.769487	202.752002	111.459290	45.261236	652.447728	
558192	38.889060	262.597168	204.720288	111.485235	45.692857	663.384608	
563192	38.673333	264.518539	206.357333	112.145797	45.980967	667.675969	
568192	38.813481	266.217062	208.187246	112.322403	46.582040	672.122232	
573192	38.710711	265.346476	210.011112	113.080935	47.094002	674.243236	
578192	38.833776	268.627735	211.809276	113.529415	47.473996	680.274198	
583192	38.749139	263.587328	213.955658	113.819490	47.954928	678.066543	
588192	38.669449	267.289943	215.671142	114.104259	48.298046	684.032839	
593192	38.774222	267.377637	217.377140	115.023319	48.755197	687.307515	
598192	38.749489	277.757791	218.624602	115.535160	49.355860	700.022902	
603192	38.816457	275.121221	220.622929	116.007610	49.780036	700.348253	
608192	38.814039	271.854111	221.618876	116.359056	50.240476	698.886558	
613192	38.848802	271.583718	222.742190	116.701230	50.770215	700.646155	
618192	38.791813	272.232940	223.714874	116.785666	51.229342	702.754635	
623192	38.705629	273.560279	224.866085	117.125400	51.403104	705.660497	
628192	38.761638	274.658486	225.537377	117.297108	51.716778	707.971387	
633192	38.831339	275.592132	227.636890	118.072606	52.354581	712.487548	
638192	38.772381	277.906227	230.121313	118.591025	53.073534	718.464480	
643192	38.722871	283.177759	232.831901	119.456002	53.510165	727.698698	
648192	38.675201	282.351693	234.879749	119.882351	53.674035	729.463029	
653192	38.663304	282.218735	236.889356	120.479124	54.263665	732.514184	
658192	38.618838	283.690176	237.989201	120.813527	54.884240	735.995982	
663192	38.742784	281.611193	240.204756	121.286301	55.226517	737.071551	
668192	38.753864	282.984991	241.193785	121.760576	55.709021	740.402237	
673192	38.774329	283.264486	242.356010	122.203443	56.368555	742.966823	
678192	38.754086	278.893755	244.012393	122.734044	56.504631	740.898909	
683192	38.852235	283.541277	246.383937	123.559374	57.735320	750.072143	
688192	38.823539	281.623313	247.762146	123.896588	58.193956	750.299542	
693192	38.685014	282.974781	249.454374	124.454053	58.548295	754.116517	
698192	38.760082	283.453195	250.632975	124.821972	59.100871	756.769095	
703192	38.765777	284.243142	252.654591	125.280533	59.554362	760.498405	
708192	38.752909	285.490745	254.135172	125.757630	59.962274	764.098730	
713192	38.742525	285.088255	255.399620	126.134755	60.510300	765.875455	
718192	38.797883	292.848939	255.569787	126.182597	61.118694	774.517900	
723192	38.735193	287.311521	256.684465	126.475163	61.228432	770.434774	
728192	38.869317	288.563496	256.785579	126.741897	61.808055	772.768344	
733192	38.732491	290.257103	259.307008	127.692946	62.484937	778.474485	
738192	38.777848	288.982900	261.082824	128.215674	63.262366	780.321612	
743192	38.737402	289.841325	263.812469	128.968010	63.726876	785.086082	
748192	38.759492	292.513044	265.668453	129.387295	64.302172	790.630456	
753192	38.775831	289.024407	267.567440	130.101072	64.665855	790.134605	
758192	38.767691	290.498709	269.164494	130.518585	65.333536	794.283015	
763192	38.803301	292.210582	270.515662	131.057516	65.787952	798.375013	
768192	38.795481	291.339445	272.244717	131.453679	66.235727	800.069049	
773192	38.720297	291.713858	273.601670	131.679075	66.808165	802.523065	
778192	38.774073	292.854774	275.029477	132.012373	67.369142	806.039839	
783192	38.697283	295.714965	277.046268	132.568989	67.752599	811.780104	
788192	38.698388	295.228769	277.916592	133.091537	68.333824	813.269110	
793192	38.753604	294.018706	279.271339	133.498598	68.781210	814.323457	
798192	38.729596	295.490649	280.187243	133.870201	69.376845	817.654534	
803192	38.745267	295.657751	281.196634	134.142652	68.210680	817.952984	
808192	38.774997	300.007104	281.890804	134.373048	70.308203	825.354156	
813192	38.826255	298.610561	282.055568	134.360908	70.569332	824.422624	
818192	38.792845	298.392827	281.903270	134.448499	70.662528	824.199969	
823192	38.701649	298.711225	284.904535	135.215363	71.317835	828.850607	
828192	38.785290	297.347935	287.349434	135.972322	72.055241	831.510222	
833192	38.826514	301.538859	288.954852	136.613470	72.613038	838.546733	
838192	38.690413	295.080477	291.433437	136.959569	73.127180	835.291076	
843192	38.866079	295.958801	293.545514	137.510894	73.594142	839.475430	
848192	38.780616	299.511194	294.523217	137.678195	73.920491	844.413713	
853192	38.782843	297.169105	295.837313	138.241732	74.601821	844.632814	
858192	38.810941	298.507798	296.058522	138.661740	75.086001	847.125002	
863192	38.822923	297.927242	297.724712	139.257619	75.520034	849.252530	
868192	38.752080	320.003002	298.928749	139.344679	75.925332	872.953842	
873192	38.704452	304.631810	300.515640	139.668570	76.596106	860.116578	
878192	38.628068	305.003724	301.313257	140.153769	77.015644	862.114462	
883192	38.626910	307.135325	302.807412	142.548688	78.936741	870.055076	
888192	38.789671	307.882928	303.544114	140.792924	78.533617	869.543254	
893192	38.762386	309.069942	304.226554	140.961894	78.759362	871.780138	
898192	38.779732	307.423817	305.297895	140.977904	78.919415	871.398763	
903192	38.718156	306.944547	307.028401	141.704721	79.880987	874.276812	
908192	38.712502	305.417632	309.651253	142.441065	80.398255	876.620707	
913192	38.674727	307.846588	311.511536	143.112988	80.970594	882.116433	
918192	38.701201	307.147430	313.362042	143.485514	81.408219	884.104406	
923192	38.761661	307.387246	314.432964	143.846576	81.905223	886.333670	
928192	38.729634	305.158381	315.369802	144.133415	82.326903	885.718135	
933192	38.742995	306.585929	317.112556	143.484609	82.847001	888.773090	
938192	38.870610	307.261246	317.146432	144.934064	83.405801	891.618153	
943192	38.778619	307.471065	319.503613	145.252724	83.973044	894.979065	
948192	38.746514	308.977133	320.649544	145.492190	84.290220	898.155601	
953192	38.782228	308.079056	321.715614	145.945370	84.727586	899.249854	
958192	38.738108	309.289412	323.096712	146.322372	85.291874	902.738478	
963192	38.718713	310.617336	323.567956	146.580305	85.724541	905.208851	
968192	38.802625	310.549260	324.644571	146.736682	85.936340	906.669478	
973192	38.738445	310.859700	323.887393	146.369354	86.255864	906.110756	
978192	38.675916	312.575599	325.098313	146.951850	86.850864	910.152542	
983192	38.666237	312.096762	327.813351	147.668356	87.670582	913.915288	
988192	38.674997	310.711392	329.648296	148.306158	88.003198	915.344041	
993192	38.792251	312.159515	331.946671	148.663448	88.649416	920.211301	
998192	38.728038	312.732031	332.688929	148.983606	89.090436	922.223040	
1003192	38.772659	309.423447	270.299294	140.286230	62.884259	821.665889	
1008192	38.820692	311.997335	271.205842	140.776063	63.211887	826.011819	
1013192	38.731103	310.804751	272.517836	141.104877	63.517822	826.676389	
1018192	38.787158	306.435734	272.762905	141.244063	63.612984	822.842844	
1023192	38.832097	308.199044	273.210932	141.739788	63.972377	825.954238	
1028192	38.761883	306.508798	273.824798	141.988274	64.080918	825.164671	
1033192	38.773206	309.929796	274.648873	142.388365	64.404015	830.144255	
1038192	38.800550	307.429776	275.445504	142.505078	64.346096	828.527004	
1043192	38.724641	308.153871	275.508391	142.540279	64.812897	829.740079	
1048192	38.698555	308.481403	276.053985	142.550657	64.865027	830.649627	
1053192	38.770047	310.505928	275.519437	142.570780	64.869993	832.236185	
1058192	38.603212	318.657231	277.566278	144.890025	65.566438	845.283184	
1063192	38.809324	314.652955	280.562297	144.471954	66.384507	844.881037	
1068192	38.660052	313.765131	282.416951	144.586977	66.131590	845.560701	
1073192	38.667825	314.233744	284.218720	145.292011	66.446868	848.859168	
1078192	38.896625	315.435522	285.587986	145.674574	66.688985	852.283692	
1083192	38.675689	315.584895	286.355082	145.919788	67.023611	853.559065	
1088192	38.735994	312.955883	289.362488	146.488363	67.135056	854.677784	
1093192	38.597300	314.295076	287.663417	146.041108	67.659627	854.256528	
1098192	38.680161	311.889032	288.538255	147.006228	67.749601	853.863277	
1103192	38.757963	311.936935	289.368192	147.495982	68.029233	855.588305	
1108192	38.743573	311.689620	290.601872	147.811683	68.399072	857.245820	
1113192	38.804857	313.439106	290.933654	148.103967	68.504923	859.786507	
1118192	38.721725	314.447697	291.080961	148.193505	68.753122	861.197010	
1123192	38.882860	312.449317	290.559565	148.207062	68.989155	859.087959	
1128192	38.758009	314.705131	290.020681	148.248537	68.912605	860.644963	
1133192	38.725462	314.047030	289.956401	148.396965	69.316194	860.442052	
1138192	38.871159	315.285037	291.770988	149.156965	69.822831	864.906980	
1143192	38.895587	313.629690	294.631728	149.878135	70.203826	867.238966	
1148192	38.819464	315.984513	297.330735	150.715204	70.551181	873.401097	
1153192	38.837303	317.543602	299.587465	150.987483	70.680260	877.636113	
1158192	38.813848	316.682521	301.230701	151.337604	71.006742	879.071416	
1163192	38.680000	319.260617	303.385413	151.692820	71.189018	884.207868	
1168192	38.665404	316.928454	303.615912	152.060428	71.550049	882.820247	
1173192	38.688987	317.675440	303.977908	152.222797	71.838302	884.403434	
1178192	38.678914	315.876432	305.386355	152.730480	72.089521	884.761702	
1183192	38.751034	319.802058	306.370033	152.875829	72.347054	890.146008	
1188192	38.711409	317.630560	306.886920	153.268613	72.613399	889.110901	
1193192	38.611642	315.427873	306.092425	153.262577	72.789876	886.184393	
1198192	38.761165	319.037133	305.496012	153.261282	72.888824	889.444416	
1203192	38.859490	316.445552	304.449117	153.143831	72.935782	885.833772	
1208192	38.769338	319.274986	305.893124	153.687387	73.512082	891.136917	
1213192	38.713034	319.322542	308.096146	154.454110	73.906333	894.492165	
1218192	38.776206	320.026686	310.603560	155.184580	74.251872	898.842904	
1223192	38.783665	318.353225	312.774812	155.718544	74.614949	900.245195	
1228192	38.761485	319.752546	313.825732	156.037723	74.803393	903.180879	
1233192	38.785778	321.741273	314.448489	156.328874	75.141191	906.445605	
1238192	38.807038	319.467069	314.830280	156.514102	75.393043	905.011532	
1243192	38.740313	323.941144	315.182983	156.996515	75.764224	910.625179	
1248192	38.755900	325.763448	316.620857	157.350152	75.926042	914.416399	
1253192	38.774615	326.393582	317.590054	157.555110	76.310566	916.623927	
1258192	38.758811	324.058502	323.858604	156.871106	76.097962	919.644985	
1263192	38.629560	326.304404	320.219991	157.922327	76.902059	919.978341	
1268192	38.795125	321.681940	319.663016	157.844372	77.075630	915.060083	
1273192	38.757367	325.266299	318.560189	157.746656	76.876917	917.207428	
1278192	40.256535	319.493321	319.710098	158.132389	77.280519	914.872862	
1283192	38.739293	323.857073	322.526570	158.813784	77.881601	921.818321	
1288192	38.718873	324.097327	325.094792	159.618068	78.377838	925.906898	
1293192	38.861434	324.110243	327.144581	160.120670	78.639020	928.875948	
1298192	38.740186	322.867910	328.334862	160.595186	78.840317	929.378461	
1303192	38.985625	323.319091	328.909028	160.803358	79.130438	931.147540	
1308192	38.777772	322.130499	329.701446	161.107421	79.371597	931.088735	
1313192	38.718499	323.376713	330.005949	161.231089	79.666154	932.998404	
1318192	38.691168	322.326740	331.237178	161.830047	79.978386	934.063519	
1323192	38.753190	325.517371	331.865304	161.925051	80.259433	938.320349	
1328192	38.729464	322.973384	332.707997	162.149996	80.673920	937.234761	
1333192	38.760498	324.221394	331.917130	162.099785	80.835840	937.834647	
1338192	38.815506	322.338690	329.171783	162.075119	81.032666	933.433764	
1343192	38.622855	324.524779	329.297963	161.909770	80.781866	935.137233	
1348192	38.798181	322.192628	330.942383	162.720743	81.511263	936.165198	
1353192	38.716072	325.549108	333.541124	163.480439	82.178912	943.465655	
1358192	38.809746	325.827447	336.780406	164.136675	82.264787	947.819061	
1363192	38.739488	324.789064	337.867825	164.466946	82.601278	948.464601	
1368192	38.796893	323.702984	338.234473	164.786802	83.026565	948.547717	
1373192	38.710317	323.207879	340.541252	165.059230	83.313867	950.832545	
1378192	38.701540	321.666590	340.497996	165.531180	83.507179	949.904485	
1383192	38.760567	326.225254	341.438208	165.916620	84.023579	956.364228	
1388192	38.815178	327.725266	343.767263	166.079057	84.111420	960.498184	
1393192	38.696918	328.697921	343.190411	166.323461	84.457093	961.365804	
1398192	38.804416	329.464435	342.961842	166.356547	84.896749	962.483989	
1403192	45.737547	323.119893	342.976714	166.178510	84.987008	962.999672	
1408192	38.599958	328.848961	341.270252	165.979356	84.739493	959.438020	
1413192	38.695368	329.458632	343.188954	166.733440	85.595895	963.672289	
1418192	38.757984	330.386461	346.772949	167.518764	86.310261	969.746419	
1423192	38.813514	330.170659	353.198722	167.359976	85.545079	975.087950	
1428192	38.781331	327.999765	349.643972	168.520727	86.696210	971.642005	
1433192	38.714778	326.813472	351.945789	168.857226	87.142558	973.473823	
1438192	38.743001	328.048799	350.990419	169.025574	87.274976	974.082769	
1443192	38.691323	327.293455	352.350874	169.289069	87.587630	975.212351	
1448192	38.773900	334.934346	355.334799	170.733544	88.719766	988.496355	
1453192	38.620239	328.501139	353.876394	170.138114	88.285058	979.420944	
1458192	38.858613	331.194762	354.687121	170.169049	88.578577	983.488122	
1463192	38.816168	329.278619	354.662643	170.000467	89.006286	981.764183	
1468192	38.815775	328.828388	352.433303	169.879756	88.756474	978.713696	
1473192	38.771970	329.823382	352.523013	169.957224	89.044649	980.120238	
1478192	38.717368	330.583509	355.977924	170.594156	90.302135	986.175092	
1483192	38.799814	331.118858	357.932247	171.562006	90.311460	989.724385	
1488192	38.778250	331.818036	360.626064	171.958846	90.612365	993.793561	
1493192	38.776239	329.162755	361.415367	172.302146	90.759524	992.416031	
1498192	38.727902	329.264908	361.525017	172.387018	91.294389	993.199234	
