main2_Seq, time [ms], size=5000000	step=25000
10	0.024418	0.006326	0.007737	0.002228	0.001674	0.042383	
25010	0.591813	0.383355	0.172235	0.355613	0.078815	1.581831	
50010	1.137688	0.927348	0.340581	0.679060	0.195758	3.280435	
75010	1.630913	1.492058	0.486344	1.042222	0.235623	4.887160	
100010	2.190702	2.045286	0.652494	1.355445	0.306490	6.550417	
125010	2.872318	2.755797	0.849280	1.697996	0.367994	8.543385	
150010	3.433450	3.494289	1.021693	2.008752	0.445642	10.403826	
175010	3.853534	4.124458	1.161562	2.369624	0.539054	12.048232	
200010	4.419080	5.030001	1.372142	2.696753	0.627780	14.145756	
225010	4.906640	6.049969	1.521177	3.015781	0.672180	16.165747	
250010	5.666384	7.223830	1.683623	3.371609	0.790687	18.736133	
275010	6.369561	8.720471	1.929336	3.701514	0.840650	21.561532	
300010	6.687274	10.090459	2.094400	4.034338	0.922182	23.828653	
325010	7.192385	11.542992	2.311959	4.374573	0.984518	26.406427	
350010	7.807889	12.992772	2.505441	4.703503	1.090416	29.100021	
375010	7.611532	17.514153	3.387188	5.043175	1.116725	34.672773	
400010	8.018289	16.872300	3.236109	5.381915	1.202562	34.711175	
425010	8.702950	18.705001	3.324373	5.769237	1.319537	37.821098	
450010	9.331943	22.453841	3.743601	6.113082	1.372461	43.014928	
475010	9.878916	24.049265	4.150736	6.480175	1.482349	46.041441	
500010	10.467760	25.860415	4.297588	6.801397	1.526615	48.953775	
525010	10.945977	27.480756	4.648961	7.158044	1.641279	51.875017	
550010	11.559452	30.513570	4.908321	7.511512	1.806083	56.298938	
575010	12.096395	33.318145	5.310085	7.839563	1.819533	60.383721	
600010	12.705216	36.015438	5.873503	8.221039	1.860148	64.675344	
625010	13.254519	38.537891	6.254247	8.593434	1.942775	68.582866	
650010	12.918301	42.338078	6.520954	8.906896	2.062213	72.746442	
675010	13.461497	43.574768	6.817023	9.318808	2.174158	75.346254	
700010	14.262833	48.140015	6.871002	9.663205	2.256124	81.193179	
725010	14.603171	51.315284	7.522587	10.009801	2.353237	85.804080	
750010	15.154607	53.974971	7.866569	10.348962	2.479732	89.824841	
775010	15.739117	54.569860	8.043274	10.748718	2.578938	91.679907	
800010	16.357848	58.707686	8.455443	11.065007	2.654643	97.240627	
825010	16.838008	59.966979	8.691542	11.502682	2.782612	99.781823	
850010	17.417077	63.040810	9.146480	11.738854	2.892218	104.235439	
875010	18.011152	67.306572	9.993622	12.187970	2.942829	110.442145	
900010	17.754804	57.182891	10.103494	12.563739	3.144237	100.749165	
925010	18.238674	63.547655	9.892299	12.897830	3.226141	107.802599	
950010	18.790339	63.060635	10.644196	13.230449	3.325816	109.051435	
975010	19.378724	66.851161	10.866615	13.591285	3.475711	114.163496	
1000010	19.994625	74.644007	11.272614	13.943246	3.567841	123.422333	
1025010	20.550294	71.883542	11.514245	14.322961	3.698609	121.969651	
1050010	21.082994	75.983391	11.537109	14.708996	3.930552	127.243042	
1075010	21.671648	82.819326	12.163123	15.052833	3.961696	135.668626	
1100010	22.239622	84.791333	12.682095	15.393090	4.100909	139.207049	
1125010	22.806125	88.109217	13.058504	15.771633	4.201123	143.946602	
1150010	23.352872	89.162337	13.232332	16.085149	4.302038	146.134728	
1175010	23.066672	94.090068	13.221797	16.492202	4.400316	151.271055	
1200010	23.588133	101.200445	14.053747	16.901032	4.577797	160.321154	
1225010	24.209861	103.939932	14.523367	17.184538	4.691223	164.548921	
1250010	24.790655	112.953277	14.683271	17.589522	4.812807	174.829532	
1275010	25.309952	112.044354	14.532742	17.887883	4.902452	174.677383	
1300010	25.808203	93.430785	15.035236	18.287028	4.996843	157.558095	
1325010	26.374573	116.914405	15.817463	18.614134	5.111550	182.832125	
1350010	26.927422	124.420723	16.018789	18.932005	5.187330	191.486269	
1375010	27.569178	129.405434	16.488998	19.335233	5.360690	198.159533	
1400010	28.189305	134.836668	16.096108	19.678601	5.471577	204.272259	
1425010	27.792868	136.823323	17.094237	20.043925	5.575714	207.330067	
1450010	28.312083	146.060182	18.056432	20.386618	5.665048	218.480363	
1475010	28.975382	130.991468	17.610570	20.730913	5.713676	204.022009	
1500010	29.431330	132.719904	17.803285	21.061153	5.812266	206.827938	
1525010	30.044886	139.116677	18.139019	21.451253	6.017123	214.768958	
1550010	30.607755	143.326727	18.994468	21.760685	6.098351	220.787986	
1575010	31.156601	153.530460	19.134548	22.147284	6.146526	232.115419	
1600010	31.677302	153.866748	19.351137	22.484040	6.216710	233.595937	
1625010	32.240780	160.004522	19.296374	22.847058	6.324366	240.713100	
1650010	32.832306	167.965951	19.931150	23.184251	6.495331	250.408989	
1675010	33.401348	182.675828	20.673121	23.531981	6.561534	266.843812	
1700010	33.093978	170.873391	20.698551	23.982188	6.644319	255.292427	
1725010	33.648113	188.166785	20.886390	24.222587	6.709535	273.633410	
1750010	34.208563	184.164103	20.784698	24.624664	6.829620	270.611648	
1775010	34.736230	191.064246	21.684744	24.893545	6.926217	279.304982	
1800010	35.383253	192.937089	22.298358	25.346856	7.132138	283.097694	
1825010	35.923136	202.618907	22.386842	25.649388	7.097928	293.676201	
1850010	36.491356	206.269252	22.522636	26.004671	7.227722	298.515637	
1875010	37.027681	208.589367	22.627958	26.352515	7.320576	301.918097	
1900010	37.605018	210.895972	23.574921	26.702715	7.374944	306.153570	
1925010	38.190525	221.741014	24.025655	27.043613	7.514394	318.515201	
1950010	37.813939	229.879580	23.952685	27.388217	7.601571	326.635992	
1975010	38.298441	238.835471	23.753880	27.718648	7.723803	336.330243	
2000010	38.973122	231.826527	24.626688	28.084095	7.977401	331.487833	
2025010	39.539308	254.564970	25.093806	28.432018	7.857358	355.487460	
2050010	40.033119	226.369639	25.455115	28.767373	7.982231	328.607477	
2075010	40.578715	235.742379	25.629865	29.169780	8.074693	339.195432	
2100010	41.234518	234.535640	25.204495	29.513879	8.193969	338.682501	
2125010	41.872338	243.987680	26.500913	29.893665	8.267686	350.522282	
2150010	42.321514	249.167283	26.845586	30.174092	8.516335	357.024810	
2175010	42.917379	255.897117	27.144767	30.591982	8.534336	365.085581	
2200010	43.509120	262.424356	26.972711	30.895551	8.533761	372.335499	
2225010	43.142377	266.741784	27.231601	31.251426	8.629615	376.996803	
2250010	43.724248	285.891105	28.476111	31.635688	8.765972	398.493124	
2275010	44.270384	279.501291	28.563110	31.969291	8.919524	393.223600	
2300010	44.872336	295.210263	28.943018	32.330336	8.976012	410.331965	
2325010	45.315293	297.979798	28.100883	32.785464	8.997156	413.178594	
2350010	45.909336	289.465945	29.287196	33.012101	9.184173	406.858751	
2375010	46.591461	311.301032	29.957847	33.317186	9.178569	430.346095	
2400010	47.088781	299.002183	30.058516	33.740430	9.374569	419.264479	
2425010	47.581634	317.302437	30.262657	34.058888	9.530066	438.735682	
2450010	48.237529	309.338972	29.967193	34.454451	9.557813	431.555958	
2475010	47.816028	335.077674	31.217348	34.754411	9.630090	458.495551	
2500010	48.465116	321.849612	31.944746	35.046512	9.680763	446.986749	
2525010	49.010378	332.279134	31.766617	35.436472	9.769083	458.261684	
2550010	49.631704	335.458587	31.582451	35.785936	9.961952	462.420630	
2575010	50.129285	333.961862	31.975443	36.173064	9.994690	462.234344	
2600010	50.725791	342.730727	33.127644	36.515270	10.149848	473.249280	
2625010	51.389723	347.534024	32.903594	36.723610	10.111873	478.662824	
2650010	52.069027	354.907865	33.324350	37.186402	10.208927	487.696571	
2675010	52.477072	374.513619	32.216123	37.478663	10.363264	507.048741	
2700010	52.995711	349.663000	33.791406	37.850878	10.454950	484.755945	
2725010	53.580721	348.776474	34.409643	38.211197	10.680572	485.658607	
2750010	53.247218	356.643443	34.218631	38.524797	10.595146	493.229235	
2775010	53.577793	356.020511	34.801366	38.983252	10.763897	494.146819	
2800010	54.291489	366.523248	34.199966	39.278454	10.887170	505.180327	
2825010	54.866954	369.414676	35.688685	39.665412	10.996623	510.632350	
2850010	55.495850	371.462584	36.131583	40.027497	11.100768	514.218282	
2875010	55.999367	381.378996	36.049358	40.317513	11.160765	524.905999	
2900010	56.568542	385.169777	35.900560	40.709946	11.246749	529.595574	
2925010	57.152849	389.014580	36.385589	41.047588	11.265090	534.865696	
2950010	57.712134	396.461666	38.452740	41.734291	11.530168	545.890999	
2975010	58.250105	402.428087	37.662903	41.720994	11.565363	551.627452	
3000010	57.943798	406.581281	37.573006	42.092711	11.619346	555.810142	
3025010	58.501307	414.503626	36.946086	42.454207	11.746715	564.151941	
3050010	59.079851	419.293245	38.555761	42.790332	11.818887	571.538076	
3075010	59.598204	422.662946	39.108665	43.202060	11.915186	576.487061	
3100010	60.088044	426.465351	39.403336	43.515891	12.052741	581.525363	
3125010	60.747161	432.444482	39.370807	43.805580	12.050614	588.418644	
3150010	61.258764	438.367185	38.766039	44.229218	12.269010	594.890216	
3175010	61.811474	444.366945	40.523733	44.603362	12.277471	603.582985	
3200010	62.330795	449.673338	40.731835	44.955467	12.408176	610.099611	
3225010	63.044851	433.666923	41.168131	45.165527	12.467480	595.512912	
3250010	63.548565	438.161762	40.711482	45.623323	12.600689	600.645821	
3275010	63.191511	443.861016	41.451057	45.928926	12.630483	607.062993	
3300010	63.767306	447.178076	42.227019	46.326431	12.735717	612.234549	
3325010	64.403069	453.003935	42.445253	46.675943	12.856297	619.384497	
3350010	64.956055	459.781621	42.319451	47.066092	12.938766	627.061985	
3375010	65.491326	465.191966	41.325762	47.389442	13.090389	632.488885	
3400010	66.046109	472.345696	43.346464	47.686863	13.089968	642.515100	
3425010	66.645510	475.457634	44.160131	48.071846	13.255976	647.591097	
3450010	67.150907	479.706064	44.361917	48.376991	13.357692	652.953571	
3475010	67.783737	487.565657	44.097369	48.699101	13.378652	661.524516	
3500010	68.342486	490.380074	43.690622	49.048766	13.565335	665.027283	
3525010	68.041764	496.202822	45.123435	49.253544	13.683126	672.304691	
3550010	68.666564	501.536912	46.023580	49.569275	13.723490	679.519821	
3575010	69.028328	509.009281	45.711908	50.079283	13.830143	687.658943	
3600010	69.687115	512.042172	44.698753	50.429150	13.865854	690.723044	
3625010	70.255784	517.630749	45.741038	50.823119	14.135869	698.586559	
3650010	70.822140	522.735344	46.956618	51.176199	14.069947	705.760248	
3675010	71.343403	529.284195	47.301126	51.525164	14.209229	713.663117	
3700010	71.848437	533.774619	47.059942	51.948445	14.253450	718.884893	
3725010	72.641539	539.916855	45.892386	52.207399	14.361609	725.019788	
3750010	73.080410	546.146721	48.377492	52.570437	14.535360	734.710420	
3775010	72.703918	550.868822	48.662424	52.948370	14.539443	739.722977	
3800010	73.192108	559.563184	48.773608	53.275082	14.624485	749.428467	
3825010	73.831965	537.560250	48.646177	53.715519	14.837262	728.591173	
3850010	74.455874	544.353853	48.249855	54.030034	14.925566	736.015182	
3875010	74.998826	548.467831	49.868021	54.307663	15.038809	742.681150	
3900010	75.542314	554.295881	50.353026	54.686970	15.041778	749.919969	
3925010	76.114840	559.180777	50.391637	55.016880	15.148172	755.852306	
3950010	76.448538	565.603168	49.606647	55.471920	15.343605	762.473878	
3975010	77.231185	570.320575	50.716288	55.716126	15.364026	769.348200	
4000010	77.697184	575.247409	52.027729	56.135714	15.459516	776.567552	
4025010	78.301279	580.798915	52.187140	56.507714	15.506684	783.301732	
4050010	78.009496	610.887779	52.199435	56.779748	15.574497	813.450955	
4075010	78.589027	590.577157	50.897176	57.181123	15.720301	792.964784	
4100010	79.153800	620.079598	52.895838	57.619869	15.829200	825.578305	
4125010	79.724227	603.191627	53.469065	57.921609	15.959108	810.265636	
4150010	80.229983	632.422453	53.702137	58.211260	16.003941	840.569774	
4175010	80.697199	613.714091	53.161991	58.571509	16.171148	822.315938	
4200010	81.404536	643.244555	52.767981	58.811088	16.167982	852.396142	
4225010	81.763338	622.811750	54.522494	59.110472	16.239134	834.447188	
4250010	82.363735	653.005753	55.249135	59.419023	16.240732	866.278378	
4275010	82.998980	633.379951	54.987240	59.929031	16.537296	847.832498	
4300010	82.754110	662.060450	54.426985	60.305320	16.647946	876.194811	
4325010	83.434984	668.209490	55.246684	60.614573	16.706078	884.211809	
4350010	83.922686	649.376853	57.056161	61.026557	16.770373	868.152630	
4375010	84.479465	658.299405	56.820695	61.555156	17.201457	878.356178	
4400010	85.278619	667.619529	56.930792	61.728871	17.001067	888.558878	
4425010	85.681971	642.351574	55.417015	62.118011	17.148865	862.717436	
4450010	86.174470	648.623594	57.071988	62.357981	17.175687	871.403720	
4475010	86.747856	654.503749	58.563730	62.781157	17.425044	880.021536	
4500010	87.560636	658.535480	58.205092	63.166705	17.407027	884.874940	
4525010	87.937316	664.768674	57.755079	63.465222	17.471512	891.397803	
4550010	88.447718	669.246178	58.220806	64.304963	17.537935	897.757600	
4575010	88.105361	675.684758	59.694264	64.172544	17.659513	905.316440	
4600010	88.662416	710.135264	60.186806	64.337825	17.678517	941.000828	
4625010	89.208634	685.827567	59.865601	64.838105	17.848990	917.588897	
4650010	89.785947	720.760343	59.367922	65.221433	17.956842	953.092487	
4675010	90.316911	697.269199	60.378223	65.520232	17.991305	931.475870	
4700010	90.810518	729.600164	61.338800	65.923030	18.176495	965.849007	
4725010	91.261495	710.519680	61.646163	66.254381	18.276179	947.957898	
4750010	92.002533	741.081283	61.765396	66.560537	18.559042	979.968791	
4775010	92.635262	719.179923	60.436555	66.854014	18.461101	957.566855	
4800010	93.147622	751.286040	61.986848	67.125685	18.362323	991.908518	
4825010	92.936542	730.741573	63.325074	67.653936	18.607785	973.264910	
4850010	93.343502	762.116736	62.932791	67.954306	18.743191	1005.090526	
4875010	93.965969	740.599425	62.377313	68.411951	18.746001	984.100659	
4900010	94.680350	773.635490	62.346334	68.744067	18.845541	1018.251782	
4925010	95.104035	752.384623	64.118102	69.024775	18.979100	999.610635	
4950010	95.494825	756.836148	64.793898	69.436098	19.150436	1005.711405	
4975010	96.150057	736.476283	64.233914	69.720853	19.154024	985.735131	
