main2_Seq, time [ms], size=5000000	step=25000
10	0.024584	0.005897	0.007737	0.002120	0.001643	0.041981	
25010	0.579836	0.387187	0.168704	0.369569	0.079320	1.584616	
50010	1.165545	0.938683	0.366339	0.712338	0.161236	3.344141	
75010	1.662326	1.451154	0.454080	1.039829	0.235361	4.842750	
100010	2.178601	2.094280	0.651098	1.365934	0.307366	6.597279	
125010	2.904660	2.602784	0.807821	1.711936	0.368733	8.395934	
150010	3.511273	3.418504	1.002124	2.038869	0.446496	10.417266	
175010	4.019172	4.321028	1.199058	2.369727	0.521717	12.430702	
200010	4.369943	4.998986	1.327512	2.688625	0.599094	13.984160	
225010	4.948143	5.923687	1.501491	3.042466	0.675102	16.090889	
250010	5.413655	7.254178	1.675333	3.411617	0.770050	18.524833	
275010	6.009487	8.275820	1.841502	3.751696	0.852100	20.730605	
300010	6.807589	10.758051	2.049682	4.063904	0.913876	24.593102	
325010	7.442034	14.292462	2.467193	4.406971	0.988602	29.597262	
350010	7.793510	13.097039	2.437243	4.749791	1.050090	29.127673	
375010	8.302917	14.793656	2.721144	5.089865	1.116904	32.024486	
400010	8.862612	16.576870	3.043263	5.423627	1.222698	35.129070	
425010	9.600542	18.805472	3.223465	5.758349	1.303833	38.691661	
450010	10.285847	23.710188	3.836355	6.121557	1.406069	45.360016	
475010	9.843637	22.869311	3.900194	6.494680	1.462490	44.570312	
500010	10.383818	27.244961	4.571190	6.842749	1.546935	50.589653	
525010	10.956917	29.144900	4.680466	7.246594	1.634755	53.663632	
550010	11.514973	30.978426	4.983388	7.534432	1.721279	56.732498	
575010	12.052617	32.756789	5.227987	7.868665	1.800944	59.707002	
600010	12.627508	35.993525	5.632634	8.257329	1.871288	64.382284	
625010	13.236527	38.995255	6.111213	8.625657	1.965665	68.934317	
650010	13.811486	42.313405	6.457452	9.009623	2.088168	73.680134	
675010	14.356655	46.986381	6.819293	9.348435	2.216028	79.726792	
700010	14.957043	47.831617	7.206873	9.780132	2.234264	82.009929	
725010	15.511159	54.017362	7.618130	10.069539	2.304724	89.520914	
750010	15.151862	53.681110	7.947876	10.455489	2.419300	89.655637	
775010	15.761275	56.461425	7.999380	10.802209	2.536435	93.560724	
800010	16.315053	57.635051	8.332211	11.158463	2.636591	96.077369	
825010	16.914975	60.374935	8.588272	11.542096	2.804977	100.225255	
850010	17.428491	63.610103	9.107327	11.912412	2.878632	104.936965	
875010	17.985571	64.721981	9.457228	12.244468	3.016020	107.425268	
900010	18.600007	72.798935	9.818640	12.658049	3.138607	117.014238	
925010	19.136125	72.964511	10.033102	13.100972	3.411601	118.646311	
950010	19.809735	73.301857	10.436354	13.358312	3.377930	120.284188	
975010	20.232528	69.126473	10.796016	13.770693	3.594001	117.519711	
1000010	20.030652	71.190265	11.159610	14.072096	3.758895	120.211518	
1025010	20.530481	72.354543	11.466695	14.422012	3.680914	122.454645	
1050010	21.090466	81.312886	11.422349	14.812330	3.841990	132.480021	
1075010	21.659244	82.569120	12.353800	15.163262	4.074490	135.819916	
1100010	22.222042	82.770522	12.602062	15.537339	4.107065	137.239030	
1125010	22.823355	85.894366	12.859787	15.843374	4.209095	141.629977	
1150010	23.337008	94.608079	13.138816	16.222381	4.305450	151.611734	
1175010	23.956936	104.184709	13.192452	16.576944	4.408496	162.319537	
1200010	24.507281	99.767543	14.188645	16.964717	4.607815	160.036001	
1225010	25.081088	99.273409	14.498708	17.269754	4.649681	160.772640	
1250010	25.618334	105.404569	14.586109	17.665808	4.794891	168.069711	
1275010	25.320077	106.090946	14.632352	17.952012	4.898995	168.894382	
1300010	25.868944	112.928323	15.102769	18.386370	4.998249	177.284655	
1325010	26.406887	115.141595	15.689687	18.738272	5.101428	181.077869	
1350010	26.963321	120.569424	15.905802	19.016597	5.188269	187.643413	
1375010	27.522403	122.524471	16.098546	19.477136	5.358614	190.981170	
1400010	28.107271	130.206936	16.291007	19.798301	5.425152	199.828667	
1425010	28.680018	132.554160	17.039622	20.134713	5.525701	203.934214	
1450010	29.281264	142.887893	17.982853	20.532528	5.675675	216.360213	
1475010	29.835209	147.373194	17.601393	20.832324	5.725812	221.367932	
1500010	30.438466	148.989756	17.560450	21.180074	5.811866	223.980612	
1525010	30.038131	150.478106	18.004633	21.638519	6.023777	226.183166	
1550010	30.585276	142.542997	18.665086	21.877113	6.013713	219.684185	
1575010	31.191494	154.320596	19.266253	22.283500	6.150278	233.212121	
1600010	31.674762	154.904588	19.327788	22.638580	6.207294	234.753012	
1625010	32.265212	157.027809	19.257323	23.046393	6.339258	237.935995	
1650010	32.796246	165.347588	19.786796	23.381701	6.425196	247.737527	
1675010	33.356583	169.098243	20.416421	23.679795	6.531371	253.082413	
1700010	33.984429	171.742592	20.577263	24.056443	6.625914	256.986641	
1725010	34.510914	181.955212	20.996655	24.385665	6.686885	268.535331	
1750010	35.079778	183.493376	20.757557	24.765608	6.857152	270.953471	
1775010	35.664312	185.013265	21.702397	25.072634	6.895949	274.348557	
1800010	35.300117	195.762434	22.160595	25.514958	7.033714	285.771818	
1825010	35.918876	198.571525	22.378295	25.773824	7.072012	289.714532	
1850010	36.440956	210.080968	22.413562	26.154894	7.248264	302.338644	
1875010	37.006555	206.505116	22.464421	26.512326	7.306430	299.794848	
1900010	37.596109	211.179020	23.201662	26.824216	7.368586	306.169593	
1925010	38.117345	222.367620	23.772817	27.229525	7.506596	318.993903	
1950010	38.707234	224.709298	23.966502	27.564334	7.599684	322.547052	
1975010	39.291382	233.086383	23.746654	27.884147	7.663875	331.672441	
2000010	39.832336	230.741375	24.783957	28.303191	7.888664	331.549523	
2025010	40.374729	239.064499	25.290036	28.623657	7.941398	341.294319	
2050010	40.114317	240.310711	25.284417	28.936313	7.973463	342.619221	
2075010	40.544864	246.724021	25.701437	29.303252	8.132334	350.405908	
2100010	41.151802	251.127899	25.074023	29.683891	8.181487	355.219102	
2125010	41.805306	259.580603	26.337575	29.978036	8.298424	365.999944	
2150010	42.336732	249.757997	26.804416	30.317556	8.332551	357.549252	
2175010	42.903392	255.937167	26.910875	30.687209	8.484305	364.922948	
2200010	43.428378	260.709248	26.722414	31.025117	8.532624	370.417781	
2225010	43.999599	265.433192	27.106859	31.360673	8.628410	376.528733	
2250010	44.568020	270.752021	28.302914	31.766924	8.804510	384.194389	
2275010	45.164821	275.900426	28.174130	32.149483	8.869542	390.258402	
2300010	45.723984	285.057469	28.614697	32.564880	8.975216	400.936246	
2325010	45.383393	288.120567	27.953498	32.829570	8.995213	403.282241	
2350010	45.951811	291.173890	29.283793	33.209638	9.136249	408.755381	
2375010	46.500963	294.477788	29.934053	33.528709	9.122418	413.563931	
2400010	47.071012	299.979384	29.786348	33.957640	9.344729	420.139113	
2425010	47.688089	304.367127	30.081285	34.273970	9.418561	425.829032	
2450010	48.296134	311.210865	30.030386	34.900086	9.602416	434.039887	
2475010	48.841523	320.030347	31.121223	34.947388	9.586631	444.527112	
2500010	49.393899	321.542013	31.427813	35.280313	9.627557	447.271595	
2525010	49.907898	323.960599	31.319897	35.678324	9.790220	450.656938	
2550010	50.398770	331.539210	31.432607	36.071017	9.945584	459.387188	
2575010	50.122763	335.054531	31.645081	36.357727	10.032737	463.212839	
2600010	50.671054	340.033773	32.591829	36.830602	10.140954	470.268212	
2625010	51.235908	352.282945	32.905943	37.078575	10.073021	483.576392	
2650010	51.879569	353.395216	32.985200	37.496133	10.386385	486.142503	
2675010	52.452768	357.641756	32.196137	37.807128	10.429970	490.527759	
2700010	52.959012	360.064154	33.684638	38.137656	10.459457	495.304917	
2725010	53.582563	355.965999	34.246373	38.531117	10.593428	492.919480	
2750010	54.086102	353.380082	34.275171	39.039897	10.592422	491.373674	
2775010	54.648668	358.245063	34.820153	39.211168	10.742273	497.667325	
2800010	55.200023	367.185640	34.248225	39.553407	10.851372	507.038667	
2825010	55.719133	369.789160	35.627144	39.930996	10.939842	512.006275	
2850010	55.390961	374.669603	36.143135	40.302105	11.138747	517.644551	
2875010	55.961513	384.250518	36.378940	40.608838	11.113708	528.313517	
2900010	56.592718	385.940759	35.792826	41.008618	11.248310	530.583231	
2925010	59.047900	367.706159	35.713325	41.339244	11.264274	515.070902	
2950010	57.634144	400.781212	37.322627	41.690362	11.494590	548.922935	
2975010	58.190015	403.422325	37.951294	42.041156	11.543774	553.148564	
3000010	58.763915	405.768146	37.800586	42.347233	11.652823	556.332703	
3025010	59.504851	427.261665	36.924975	42.678215	11.678707	578.048413	
3050010	59.802194	454.194889	38.800202	43.047750	11.812864	607.657899	
3075010	60.417666	422.661196	39.619850	43.519222	11.925126	578.143060	
3100010	60.256294	426.726930	39.341524	43.696135	12.046631	582.067514	
3125010	60.815784	433.925613	39.316035	44.088948	12.070969	590.217349	
3150010	61.188023	441.889912	38.973432	44.476308	12.259150	598.786825	
3175010	61.907137	444.770744	40.425729	44.677648	12.260937	604.042195	
3200010	62.433264	449.555524	40.799899	45.111916	12.443498	610.344101	
3225010	62.984770	455.165420	40.903898	45.475096	12.418044	616.947228	
3250010	63.595621	464.013749	40.079540	45.830319	12.558113	626.077342	
3275010	64.152509	469.150291	40.933096	46.274544	12.704096	633.214536	
3300010	64.517090	450.951371	43.968251	46.814788	12.910321	619.161821	
3325010	65.212258	455.134972	43.070133	46.955814	12.886453	623.259630	
3350010	65.744816	461.643319	42.136340	47.327889	12.912646	629.765010	
3375010	65.427426	466.430218	41.240637	47.683091	13.072751	633.854123	
3400010	66.054073	474.601143	43.623876	48.035267	13.074028	645.388387	
3425010	66.607591	476.443933	43.792528	48.417995	13.241612	648.503659	
3450010	67.048779	480.920875	44.371995	48.735491	13.331218	654.408358	
3475010	67.710364	485.035258	43.693538	49.079226	13.378124	658.896510	
3500010	68.254440	492.400941	43.765793	49.450398	13.544130	667.415702	
3525010	68.914854	500.227774	45.456061	49.670324	13.584722	677.853735	
3550010	69.408173	508.825421	45.968704	50.072384	13.702140	687.976822	
3575010	69.971413	511.029585	45.898340	50.561223	13.884985	691.345546	
3600010	70.457305	513.830161	44.772007	50.831268	13.904942	693.795683	
3625010	70.164658	520.166438	45.615992	51.202444	14.023084	701.172616	
3650010	70.741462	523.939449	46.863253	51.555598	14.042183	707.141945	
3675010	71.297600	533.501426	47.134343	51.906649	14.214605	718.054623	
3700010	71.779318	533.591449	46.998212	52.206535	14.310401	718.885915	
3725010	72.360330	540.998760	45.589844	52.547070	14.326503	725.822507	
3750010	72.951445	546.221828	48.103777	52.908696	14.515546	734.701292	
3775010	73.561304	550.057811	48.595263	53.293871	14.452437	739.960686	
3800010	74.027637	558.663527	49.066554	53.602350	14.676539	750.036607	
3825010	74.633658	569.825721	48.361835	53.910360	14.727036	761.458610	
3850010	75.217640	568.845189	48.010988	54.294244	14.891343	761.259404	
3875010	75.861525	550.402921	49.965919	54.588151	14.953632	745.772148	
3900010	75.410210	555.600139	50.012967	54.895552	15.274725	751.193593	
3925010	76.004153	559.284938	49.795524	55.233570	15.318474	755.636659	
3950010	76.454157	567.289872	49.071759	55.764604	15.199582	763.779974	
3975010	77.255151	570.520455	50.385897	56.050354	15.312120	769.523977	
4000010	77.699419	576.785734	51.590731	56.480544	15.393334	777.949762	
4025010	78.345359	581.321010	51.964965	56.885026	15.514138	784.030498	
4050010	78.982556	588.105881	52.067656	57.224354	15.566384	791.946831	
4075010	79.360732	599.955404	50.484407	57.478630	15.628055	802.907228	
4100010	79.957891	597.544404	53.212853	57.914394	15.956900	804.586442	
4125010	80.638217	601.384659	53.263758	58.238246	15.967551	809.492431	
4150010	80.096934	608.332999	53.278149	58.610070	16.033545	816.351697	
4175010	80.829060	611.799796	52.998064	58.973349	16.186497	820.786766	
4200010	81.363369	621.058049	52.888060	59.270292	16.160550	830.740320	
4225010	81.909535	623.532082	54.797811	59.703566	16.279405	836.222399	
4250010	82.579009	628.177943	55.069111	59.982721	16.371548	842.180332	
4275010	83.052348	635.989169	54.728106	60.344995	16.462216	850.576834	
4300010	83.637815	638.438954	54.218050	60.746505	16.646832	853.688156	
4325010	84.528965	643.085592	55.528432	60.896233	16.539312	860.578534	
4350010	84.720796	649.862765	56.829938	61.372342	16.802355	869.588196	
4375010	85.369670	656.319719	56.410932	61.752277	16.784305	876.636903	
4400010	85.756334	661.854638	56.320929	62.111976	17.012000	883.055877	
4425010	85.540696	669.233535	55.036089	62.473777	17.120902	889.404999	
4450010	86.001795	672.836821	57.011083	62.755873	17.241395	895.846967	
4475010	86.669155	652.712906	58.039212	62.970184	17.264074	877.655531	
4500010	87.107217	657.838340	57.579320	63.348230	17.332580	883.205687	
4525010	87.726083	662.242709	57.409813	63.747891	17.479586	888.606082	
4550010	88.351557	670.029395	57.627627	64.037143	17.482461	897.528183	
4575010	88.858763	674.853220	59.243040	64.543177	17.620835	905.119035	
4600010	89.620491	690.324709	59.605101	64.792491	17.644025	921.986817	
4625010	90.787059	693.936626	59.301793	65.239820	17.786936	927.052234	
4650010	90.572565	690.147286	58.636790	65.621640	17.930578	922.908859	
4675010	90.253465	694.774190	60.178582	65.964286	17.880003	929.050526	
4700010	90.763590	702.402895	61.430373	66.377699	18.105907	939.080464	
4725010	91.459031	709.657983	61.131604	66.661909	18.342721	947.253248	
4750010	91.992007	714.232429	61.310784	67.034804	18.323745	952.893769	
4775010	92.667347	721.345428	60.026624	67.435865	18.390717	959.865981	
4800010	93.225948	723.947979	62.386128	67.752254	18.342356	965.654665	
4825010	93.637375	730.602007	63.311425	68.134148	18.596078	974.281033	
4850010	94.190195	738.134720	62.665403	68.366971	18.816056	982.173345	
4875010	94.841178	740.272263	62.382578	68.751142	18.781566	985.028727	
4900010	95.121743	745.432057	62.278120	69.165872	18.877878	990.875670	
4925010	95.881118	753.591019	64.271634	69.520207	18.890907	1002.154885	
4950010	95.774463	757.228791	64.422079	69.786829	19.151706	1006.363868	
4975010	96.087285	763.586013	64.144757	70.118006	19.186927	1013.122988	
